
  ----------------------------------------------------------------------------------------------------------------------------
  IPGKinematics  Version 3.6.11                                           Model: Querlenker                                   
  ----------------------------------------------------------------------------------------------------------------------------

   Table: Compliance - Torque Z at Wheel Center                           Demo data                                           

   WhTra  TorquZ_L TorquZ_R   TraX_L   TraX_R   TraY_L   TraY_R   TraZ_L   TraZ_R   RotX_L   RotX_R   RotY_L   RotY_R   RotZ_L   RotZ_R WhlLoadL WhlLoadR
     [mm]     [Nm]     [Nm]     [mm]     [mm]     [mm]     [mm]     [mm]     [mm]    [deg]    [deg]    [deg]    [deg]    [deg]    [deg]      [N]      [N]

     0.00   100.00     0.00    -0.26    -0.00     0.06     0.00    -0.02     0.01     0.97    -1.00    -0.07    -0.00     0.16    -0.00   573.02   563.36
     0.00  -100.00     0.00     0.26     0.00    -0.06    -0.00     0.02    -0.01     1.03    -1.00     0.07     0.00    -0.16     0.00   558.19   567.39
     0.00     0.00   100.00     0.00     0.26     0.00     0.06    -0.01     0.02     1.00    -1.03     0.00     0.07    -0.00     0.16   567.39   558.19
     0.00     0.00  -100.00    -0.00    -0.26    -0.00    -0.06     0.01    -0.02     1.00    -0.97    -0.00    -0.07     0.00    -0.16   563.36   573.02
     5.00   100.00     0.00    -0.54    -0.29    -0.30     0.36     4.38     4.41     1.05    -1.08    -0.14    -0.07     0.14     0.02   714.53   703.87
     5.00  -100.00     0.00    -0.03    -0.28    -0.42     0.36     4.43     4.40     1.12    -1.08    -0.00    -0.07    -0.18     0.02   697.69   707.94
     5.00     0.00   100.00    -0.28    -0.03    -0.36     0.42     4.40     4.43     1.08    -1.12    -0.07    -0.00    -0.02     0.18   707.94   697.69
     5.00     0.00  -100.00    -0.29    -0.54    -0.36     0.30     4.41     4.38     1.08    -1.05    -0.07    -0.14    -0.02    -0.14   703.87   714.53
    10.00   100.00     0.00    -0.82    -0.56    -0.73     0.79     8.74     8.78     1.14    -1.18    -0.20    -0.14     0.12     0.03   865.36   853.79
    10.00  -100.00     0.00    -0.31    -0.56    -0.85     0.79     8.80     8.76     1.21    -1.18    -0.07    -0.13    -0.19     0.04   846.62   857.83
    10.00     0.00   100.00    -0.56    -0.31    -0.79     0.85     8.76     8.80     1.18    -1.21    -0.13    -0.07    -0.04     0.19   857.83   846.62
    10.00     0.00  -100.00    -0.56    -0.82    -0.79     0.73     8.78     8.74     1.18    -1.14    -0.14    -0.20    -0.03    -0.12   853.79   865.36
    15.00   100.00     0.00    -1.09    -0.83    -1.23     1.29    13.06    13.10     1.24    -1.28    -0.26    -0.20     0.10     0.06  1025.66  1013.27
    15.00  -100.00     0.00    -0.58    -0.83    -1.35     1.29    13.12    13.08     1.31    -1.28    -0.13    -0.20    -0.21     0.06  1005.16  1017.23
    15.00     0.00   100.00    -0.83    -0.58    -1.29     1.35    13.08    13.12     1.28    -1.31    -0.20    -0.13    -0.06     0.21  1017.23  1005.16
    15.00     0.00  -100.00    -0.83    -1.09    -1.29     1.23    13.10    13.06     1.28    -1.24    -0.20    -0.26    -0.06    -0.10  1013.27  1025.66
    20.00   100.00     0.00    -1.35    -1.10    -1.79     1.85    17.33    17.38     1.35    -1.39    -0.32    -0.26     0.07     0.08  1195.56  1182.43
    20.00  -100.00     0.00    -0.85    -1.10    -1.91     1.85    17.41    17.36     1.42    -1.39    -0.19    -0.26    -0.24     0.08  1173.42  1186.26
    20.00     0.00   100.00    -1.10    -0.85    -1.85     1.91    17.36    17.41     1.39    -1.42    -0.26    -0.19    -0.08     0.24  1186.26  1173.42
    20.00     0.00  -100.00    -1.10    -1.35    -1.85     1.79    17.38    17.33     1.39    -1.35    -0.26    -0.32    -0.08    -0.07  1182.43  1195.56
    25.00   100.00     0.00    -1.60    -1.35    -2.41     2.47    21.57    21.61     1.47    -1.50    -0.38    -0.31     0.05     0.11  1375.19  1361.41
    25.00  -100.00     0.00    -1.10    -1.35    -2.53     2.47    21.65    21.60     1.54    -1.50    -0.25    -0.31    -0.26     0.11  1351.52  1365.05
    25.00     0.00   100.00    -1.35    -1.10    -2.47     2.53    21.60    21.65     1.50    -1.54    -0.31    -0.25    -0.11     0.26  1365.05  1351.52
    25.00     0.00  -100.00    -1.35    -1.60    -2.47     2.41    21.61    21.57     1.50    -1.47    -0.31    -0.38    -0.11    -0.05  1361.40  1375.19
    30.00   100.00     0.00    -1.85    -1.60    -3.09     3.15    25.76    25.81     1.59    -1.63    -0.43    -0.37     0.02     0.14  1564.65  1550.28
    30.00  -100.00     0.00    -1.36    -1.60    -3.21     3.15    25.84    25.79     1.66    -1.63    -0.31    -0.37    -0.29     0.14  1539.57  1553.71
    30.00     0.00   100.00    -1.60    -1.36    -3.15     3.21    25.79    25.84     1.63    -1.66    -0.37    -0.31    -0.14     0.29  1553.71  1539.57
    30.00     0.00  -100.00    -1.60    -1.85    -3.15     3.09    25.81    25.76     1.63    -1.59    -0.37    -0.43    -0.14    -0.02  1550.28  1564.65
    35.00   100.00     0.00    -2.10    -1.85    -3.82     3.89    29.90    29.96     1.73    -1.76    -0.48    -0.42    -0.02     0.17  1764.02  1749.13
    35.00  -100.00     0.00    -1.60    -1.85    -3.95     3.89    30.00    29.94     1.79    -1.76    -0.36    -0.42    -0.32     0.17  1737.63  1752.32
    35.00     0.00   100.00    -1.85    -1.60    -3.89     3.95    29.94    30.00     1.76    -1.79    -0.42    -0.36    -0.17     0.32  1752.32  1737.63
    35.00     0.00  -100.00    -1.85    -2.10    -3.89     3.82    29.96    29.90     1.76    -1.73    -0.42    -0.48    -0.17     0.02  1749.13  1764.02
    40.00   100.00     0.00    -2.33    -2.09    -4.61     4.68    34.01    34.06     1.86    -1.90    -0.53    -0.47    -0.05     0.20  1973.39  1958.04
    40.00  -100.00     0.00    -1.84    -2.09    -4.75     4.68    34.10    34.05     1.93    -1.90    -0.41    -0.47    -0.35     0.20  1945.80  1960.96
    40.00     0.00   100.00    -2.09    -1.84    -4.68     4.75    34.05    34.10     1.90    -1.93    -0.47    -0.41    -0.20     0.35  1960.96  1945.80
    40.00     0.00  -100.00    -2.09    -2.33    -4.68     4.61    34.06    34.01     1.90    -1.86    -0.47    -0.53    -0.20     0.05  1958.04  1973.39
    -5.00   100.00     0.00     0.03     0.29     0.35    -0.29    -4.46    -4.44     0.89    -0.93     0.00     0.07     0.18    -0.01   440.62   432.07
    -5.00  -100.00     0.00     0.55     0.29     0.23    -0.29    -4.43    -4.45     0.96    -0.93     0.14     0.07    -0.15    -0.01   427.95   435.98
    -5.00     0.00   100.00     0.29     0.55     0.29    -0.23    -4.45    -4.43     0.93    -0.96     0.07     0.14     0.01     0.15   435.98   427.95
    -5.00     0.00  -100.00     0.29     0.03     0.29    -0.35    -4.44    -4.46     0.93    -0.89     0.07     0.00     0.01    -0.18   432.07   440.62
   -10.00   100.00     0.00     0.33     0.59     0.57    -0.51    -8.94    -8.92     0.83    -0.86     0.08     0.15     0.19    -0.02   317.11   309.78
   -10.00  -100.00     0.00     0.85     0.59     0.45    -0.51    -8.92    -8.94     0.89    -0.86     0.22     0.15    -0.14    -0.02   306.73   313.49
   -10.00     0.00   100.00     0.59     0.85     0.51    -0.45    -8.94    -8.92     0.86    -0.89     0.15     0.22     0.02     0.14   313.49   306.73
   -10.00     0.00  -100.00     0.59     0.33     0.51    -0.57    -8.92    -8.94     0.86    -0.83     0.15     0.08     0.02    -0.19   309.78   317.11
   -15.00   100.00     0.00     0.63     0.90     0.71    -0.65   -13.46   -13.45     0.77    -0.81     0.15     0.23     0.20    -0.03   202.22   196.22
   -15.00  -100.00     0.00     1.17     0.90     0.58    -0.65   -13.45   -13.46     0.84    -0.81     0.30     0.23    -0.14    -0.03   194.27   199.63
   -15.00     0.00   100.00     0.90     1.17     0.65    -0.58   -13.46   -13.45     0.81    -0.84     0.23     0.30     0.03     0.14   199.63   194.27
   -15.00     0.00  -100.00     0.90     0.63     0.65    -0.71   -13.45   -13.46     0.81    -0.77     0.23     0.15     0.03    -0.20   196.22   202.22
   -20.00   100.00     0.00     0.95     1.22     0.77    -0.71   -18.02   -18.01     0.73    -0.76     0.23     0.31     0.20    -0.04    95.61    91.03
   -20.00  -100.00     0.00     1.48     1.22     0.64    -0.71   -18.01   -18.02     0.80    -0.76     0.38     0.31    -0.13    -0.03    90.20    94.06
   -20.00     0.00   100.00     1.22     1.48     0.71    -0.64   -18.02   -18.01     0.76    -0.80     0.31     0.38     0.03     0.13    94.06    90.20
   -20.00     0.00  -100.00     1.22     0.95     0.71    -0.77   -18.01   -18.02     0.76    -0.73     0.31     0.23     0.04    -0.20    91.03    95.61
   -25.00   100.00     0.00     1.25     1.52     0.75    -0.69   -22.41   -22.34     0.69    -0.73     0.31     0.39     0.21    -0.04     0.00     0.00
   -25.00  -100.00     0.00     1.79     1.52     0.63    -0.69   -22.35   -22.41     0.76    -0.73     0.46     0.39    -0.14    -0.04     0.00     0.00
   -25.00     0.00   100.00     1.52     1.79     0.69    -0.63   -22.41   -22.35     0.73    -0.76     0.39     0.46     0.04     0.14     0.00     0.00
   -25.00     0.00  -100.00     1.52     1.25     0.69    -0.75   -22.34   -22.41     0.73    -0.69     0.39     0.31     0.04    -0.21     0.00     0.00
   -30.00   100.00     0.00     1.25     1.52     0.75    -0.69   -22.41   -22.34     0.69    -0.73     0.31     0.39     0.21    -0.04     0.00     0.00
   -30.00  -100.00     0.00     1.79     1.52     0.63    -0.69   -22.35   -22.41     0.76    -0.73     0.46     0.39    -0.14    -0.04     0.00     0.00
   -30.00     0.00   100.00     1.52     1.79     0.69    -0.63   -22.41   -22.35     0.73    -0.76     0.39     0.46     0.04     0.14     0.00     0.00
   -30.00     0.00  -100.00     1.52     1.25     0.69    -0.75   -22.34   -22.41     0.73    -0.69     0.39     0.31     0.04    -0.21     0.00     0.00
   -35.00   100.00     0.00     1.25     1.52     0.75    -0.69   -22.41   -22.34     0.69    -0.73     0.31     0.39     0.21    -0.04     0.00     0.00
   -35.00  -100.00     0.00     1.79     1.52     0.63    -0.69   -22.35   -22.41     0.76    -0.73     0.46     0.39    -0.14    -0.04     0.00     0.00
   -35.00     0.00   100.00     1.52     1.79     0.69    -0.63   -22.41   -22.35     0.73    -0.76     0.39     0.46     0.04     0.14     0.00     0.00
   -35.00     0.00  -100.00     1.52     1.25     0.69    -0.75   -22.34   -22.41     0.73    -0.69     0.39     0.31     0.04    -0.21     0.00     0.00
   -40.00   100.00     0.00     1.25     1.52     0.75    -0.69   -22.41   -22.34     0.69    -0.73     0.31     0.39     0.21    -0.04     0.00     0.00
   -40.00  -100.00     0.00     1.79     1.52     0.63    -0.69   -22.35   -22.41     0.76    -0.73     0.46     0.39    -0.14    -0.04     0.00     0.00
   -40.00     0.00   100.00     1.52     1.79     0.69    -0.63   -22.41   -22.35     0.73    -0.76     0.39     0.46     0.04     0.14     0.00     0.00
   -40.00     0.00  -100.00     1.52     1.25     0.69    -0.75   -22.34   -22.41     0.73    -0.69     0.39     0.31     0.04    -0.21     0.00     0.00
