
  ----------------------------------------------------------------------------------------------------------------------------
  IPGKinematics  Version 3.6.11                                           Model: Querlenker                                   
  ----------------------------------------------------------------------------------------------------------------------------

   Table: Compliance - Force X at Wheel Center                            Demo data                                           

   WhTra  ForceX_L ForceX_R   TraX_L   TraX_R   TraY_L   TraY_R   TraZ_L   TraZ_R   RotX_L   RotX_R   RotY_L   RotY_R   RotZ_L   RotZ_R WhlLoadL WhlLoadR
     [mm]      [N]      [N]     [mm]     [mm]     [mm]     [mm]     [mm]     [mm]    [deg]    [deg]    [deg]    [deg]    [deg]    [deg]      [N]      [N]

     0.00  1000.00     0.00     0.52     0.00    -0.10    -0.00    -0.23    -0.01     1.01    -1.00     0.03     0.00    -0.15     0.00   620.27   568.27
     0.00 -1000.00     0.00    -0.52    -0.00     0.09     0.00     0.23     0.01     0.99    -1.00    -0.03    -0.00     0.15    -0.00   510.76   562.46
     0.00     0.00  1000.00     0.00     0.52     0.00     0.10    -0.01    -0.23     1.00    -1.01     0.00     0.03    -0.00     0.15   568.27   620.27
     0.00     0.00 -1000.00    -0.00    -0.52    -0.00    -0.09     0.01     0.23     1.00    -0.99    -0.00    -0.03     0.00    -0.15   562.46   510.76
     5.00  1000.00     0.00     0.23    -0.28    -0.45     0.36     4.18     4.39     1.10    -1.08    -0.04    -0.07    -0.16     0.02   759.20   708.90
     5.00 -1000.00     0.00    -0.80    -0.29    -0.27     0.36     4.62     4.42     1.07    -1.08    -0.10    -0.07     0.13     0.02   652.86   702.90
     5.00     0.00  1000.00    -0.28     0.23    -0.36     0.45     4.39     4.18     1.08    -1.10    -0.07    -0.04    -0.02     0.16   708.90   759.20
     5.00     0.00 -1000.00    -0.29    -0.80    -0.36     0.27     4.42     4.62     1.08    -1.07    -0.07    -0.10    -0.02    -0.13   702.90   652.86
    10.00  1000.00     0.00    -0.05    -0.56    -0.88     0.79     8.55     8.76     1.19    -1.18    -0.10    -0.13    -0.18     0.04   907.58   858.86
    10.00 -1000.00     0.00    -1.08    -0.56    -0.70     0.79     8.98     8.78     1.16    -1.18    -0.17    -0.14     0.11     0.03   804.25   852.74
    10.00     0.00  1000.00    -0.56    -0.05    -0.79     0.88     8.76     8.55     1.18    -1.19    -0.13    -0.10    -0.04     0.18   858.86   907.58
    10.00     0.00 -1000.00    -0.56    -1.08    -0.79     0.70     8.78     8.98     1.18    -1.16    -0.14    -0.17    -0.03    -0.11   852.74   804.25
    15.00  1000.00     0.00    -0.32    -0.83    -1.37     1.29    12.88    13.08     1.29    -1.28    -0.17    -0.20    -0.20     0.06  1065.57  1018.32
    15.00 -1000.00     0.00    -1.35    -0.83    -1.20     1.29    13.30    13.10     1.27    -1.28    -0.23    -0.20     0.09     0.06   965.10  1012.15
    15.00     0.00  1000.00    -0.83    -0.32    -1.29     1.37    13.08    12.88     1.28    -1.29    -0.20    -0.17    -0.06     0.20  1018.32  1065.57
    15.00     0.00 -1000.00    -0.83    -1.35    -1.29     1.20    13.10    13.30     1.28    -1.27    -0.20    -0.23    -0.06    -0.09  1012.15   965.10
    20.00  1000.00     0.00    -0.58    -1.10    -1.93     1.84    17.17    17.36     1.40    -1.39    -0.23    -0.26    -0.23     0.08  1233.30  1187.41
    20.00 -1000.00     0.00    -1.61    -1.10    -1.77     1.85    17.57    17.38     1.37    -1.39    -0.29    -0.26     0.06     0.08  1135.54  1181.26
    20.00     0.00  1000.00    -1.10    -0.58    -1.84     1.93    17.36    17.17     1.39    -1.40    -0.26    -0.23    -0.08     0.23  1187.41  1233.30
    20.00     0.00 -1000.00    -1.10    -1.61    -1.85     1.77    17.38    17.57     1.39    -1.37    -0.26    -0.29    -0.08    -0.06  1181.26  1135.54
    25.00  1000.00     0.00    -0.84    -1.35    -2.55     2.47    21.41    21.59     1.51    -1.50    -0.28    -0.31    -0.25     0.11  1410.89  1366.26
    25.00 -1000.00     0.00    -1.87    -1.35    -2.39     2.47    21.80    21.62     1.49    -1.50    -0.34    -0.32     0.04     0.11  1315.70  1360.18
    25.00     0.00  1000.00    -1.35    -0.84    -2.47     2.55    21.59    21.41     1.50    -1.51    -0.31    -0.28    -0.11     0.25  1366.26  1410.89
    25.00     0.00 -1000.00    -1.35    -1.87    -2.47     2.39    21.62    21.80     1.50    -1.49    -0.32    -0.34    -0.11    -0.04  1360.18  1315.70
    30.00  1000.00     0.00    -1.09    -1.60    -3.23     3.15    25.61    25.79     1.64    -1.63    -0.34    -0.37    -0.28     0.14  1598.42  1554.96
    30.00 -1000.00     0.00    -2.12    -1.61    -3.07     3.15    25.99    25.81     1.62    -1.63    -0.40    -0.37     0.01     0.14  1505.67  1549.00
    30.00     0.00  1000.00    -1.60    -1.09    -3.15     3.23    25.79    25.61     1.63    -1.64    -0.37    -0.34    -0.14     0.28  1554.96  1598.42
    30.00     0.00 -1000.00    -1.61    -2.12    -3.15     3.07    25.81    25.99     1.63    -1.62    -0.37    -0.40    -0.14    -0.01  1549.00  1505.67
    35.00  1000.00     0.00    -1.34    -1.85    -3.96     3.88    29.76    29.94     1.77    -1.76    -0.39    -0.42    -0.31     0.17  1795.99  1753.62
    35.00 -1000.00     0.00    -2.36    -1.85    -3.81     3.89    30.14    29.96     1.75    -1.76    -0.45    -0.42    -0.03     0.17  1705.55  1747.81
    35.00     0.00  1000.00    -1.85    -1.34    -3.88     3.96    29.94    29.76     1.76    -1.77    -0.42    -0.39    -0.17     0.31  1753.62  1795.99
    35.00     0.00 -1000.00    -1.85    -2.36    -3.89     3.81    29.96    30.14     1.76    -1.75    -0.42    -0.45    -0.17     0.03  1747.81  1705.55
    40.00  1000.00     0.00    -1.58    -2.09    -4.75     4.68    33.87    34.04     1.91    -1.90    -0.44    -0.47    -0.34     0.20  2003.66  1962.30
    40.00 -1000.00     0.00    -2.60    -2.09    -4.61     4.68    34.24    34.07     1.89    -1.90    -0.50    -0.47    -0.06     0.20  1915.42  1956.69
    40.00     0.00  1000.00    -2.09    -1.58    -4.68     4.75    34.04    33.87     1.90    -1.91    -0.47    -0.44    -0.20     0.34  1962.30  2003.66
    40.00     0.00 -1000.00    -2.09    -2.60    -4.68     4.61    34.07    34.24     1.90    -1.89    -0.47    -0.50    -0.20     0.06  1956.69  1915.42
    -5.00  1000.00     0.00     0.81     0.29     0.19    -0.29    -4.68    -4.46     0.94    -0.93     0.11     0.07    -0.14    -0.01   490.62   436.77
    -5.00 -1000.00     0.00    -0.23     0.29     0.39    -0.29    -4.21    -4.43     0.91    -0.93     0.04     0.07     0.16    -0.01   377.77   431.26
    -5.00     0.00  1000.00     0.29     0.81     0.29    -0.19    -4.46    -4.68     0.93    -0.94     0.07     0.11     0.01     0.14   436.77   490.62
    -5.00     0.00 -1000.00     0.29    -0.23     0.29    -0.39    -4.43    -4.21     0.93    -0.91     0.07     0.04     0.01    -0.16   431.26   377.77
   -10.00  1000.00     0.00     1.12     0.59     0.40    -0.51    -9.17    -8.94     0.88    -0.86     0.18     0.15    -0.13    -0.02   370.00   314.19
   -10.00 -1000.00     0.00     0.07     0.59     0.61    -0.51    -8.69    -8.92     0.85    -0.86     0.11     0.15     0.17    -0.02   253.65   309.06
   -10.00     0.00  1000.00     0.59     1.12     0.51    -0.40    -8.94    -9.17     0.86    -0.88     0.15     0.18     0.02     0.13   314.19   370.00
   -10.00     0.00 -1000.00     0.59     0.07     0.51    -0.61    -8.92    -8.69     0.86    -0.85     0.15     0.11     0.02    -0.17   309.06   253.65
   -15.00  1000.00     0.00     1.43     0.90     0.54    -0.65   -13.70   -13.46     0.82    -0.81     0.26     0.23    -0.12    -0.03   258.16   200.23
   -15.00 -1000.00     0.00     0.37     0.90     0.75    -0.65   -13.21   -13.44     0.79    -0.81     0.19     0.23     0.18    -0.03   138.13   195.59
   -15.00     0.00  1000.00     0.90     1.43     0.65    -0.54   -13.46   -13.70     0.81    -0.82     0.23     0.26     0.03     0.12   200.23   258.16
   -15.00     0.00 -1000.00     0.90     0.37     0.65    -0.75   -13.44   -13.21     0.81    -0.79     0.23     0.19     0.03    -0.18   195.59   138.13
   -20.00  1000.00     0.00     1.74     1.22     0.59    -0.71   -18.27   -18.02     0.78    -0.76     0.35     0.31    -0.12    -0.03   154.73    94.56
   -20.00 -1000.00     0.00     0.69     1.22     0.82    -0.71   -17.76   -18.01     0.74    -0.76     0.27     0.31     0.19    -0.04    30.87    90.51
   -20.00     0.00  1000.00     1.22     1.74     0.71    -0.59   -18.02   -18.27     0.76    -0.78     0.31     0.35     0.03     0.12    94.56   154.73
   -20.00     0.00 -1000.00     1.22     0.69     0.71    -0.82   -18.01   -17.76     0.76    -0.74     0.31     0.27     0.04    -0.19    90.51    30.87
   -25.00  1000.00     0.00     2.07     1.53     0.57    -0.69   -22.87   -22.51     0.74    -0.73     0.43     0.39    -0.12    -0.04    58.22     0.00
   -25.00 -1000.00     0.00     0.84     1.46     0.83    -0.70   -19.93   -21.47     0.73    -0.73     0.31     0.37     0.19    -0.04     0.00     0.00
   -25.00     0.00  1000.00     1.53     2.07     0.69    -0.57   -22.51   -22.87     0.73    -0.74     0.39     0.43     0.04     0.12     0.00    58.22
   -25.00     0.00 -1000.00     1.46     0.84     0.70    -0.83   -21.47   -19.93     0.73    -0.73     0.37     0.31     0.04    -0.19     0.00     0.00
   -30.00  1000.00     0.00     2.23     1.59     0.52    -0.68   -25.11   -23.29     0.73    -0.72     0.47     0.41    -0.12    -0.03     0.00     0.00
   -30.00 -1000.00     0.00     0.84     1.46     0.83    -0.70   -19.93   -21.47     0.73    -0.73     0.31     0.37     0.19    -0.04     0.00     0.00
   -30.00     0.00  1000.00     1.59     2.23     0.68    -0.52   -23.29   -25.11     0.72    -0.73     0.41     0.47     0.03     0.12     0.00     0.00
   -30.00     0.00 -1000.00     1.46     0.84     0.70    -0.83   -21.47   -19.93     0.73    -0.73     0.37     0.31     0.04    -0.19     0.00     0.00
   -35.00  1000.00     0.00     2.23     1.59     0.52    -0.68   -25.11   -23.29     0.73    -0.72     0.47     0.41    -0.12    -0.03     0.00     0.00
   -35.00 -1000.00     0.00     0.84     1.46     0.83    -0.70   -19.93   -21.47     0.73    -0.73     0.31     0.37     0.19    -0.04     0.00     0.00
   -35.00     0.00  1000.00     1.59     2.23     0.68    -0.52   -23.29   -25.11     0.72    -0.73     0.41     0.47     0.03     0.12     0.00     0.00
   -35.00     0.00 -1000.00     1.46     0.84     0.70    -0.83   -21.47   -19.93     0.73    -0.73     0.37     0.31     0.04    -0.19     0.00     0.00
   -40.00  1000.00     0.00     2.23     1.59     0.52    -0.68   -25.11   -23.29     0.73    -0.72     0.47     0.41    -0.12    -0.03     0.00     0.00
   -40.00 -1000.00     0.00     0.84     1.46     0.83    -0.70   -19.93   -21.47     0.73    -0.73     0.31     0.37     0.19    -0.04     0.00     0.00
   -40.00     0.00  1000.00     1.59     2.23     0.68    -0.52   -23.29   -25.11     0.72    -0.73     0.41     0.47     0.03     0.12     0.00     0.00
   -40.00     0.00 -1000.00     1.46     0.84     0.70    -0.83   -21.47   -19.93     0.73    -0.73     0.37     0.31     0.04    -0.19     0.00     0.00
