
  ----------------------------------------------------------------------------------------------------------------------------
  IPGKinematics  Version 3.6.11                                           Model: Querlenker                                   
  ----------------------------------------------------------------------------------------------------------------------------

   Table: Compliance - Force Y at Wheel Center                            Demo data                                           

   WhTra  ForceY_L ForceY_R   TraX_L   TraX_R   TraY_L   TraY_R   TraZ_L   TraZ_R   RotX_L   RotX_R   RotY_L   RotY_R   RotZ_L   RotZ_R WhlLoadL WhlLoadR
     [mm]      [N]      [N]     [mm]     [mm]     [mm]     [mm]     [mm]     [mm]    [deg]    [deg]    [deg]    [deg]    [deg]    [deg]      [N]      [N]

     0.00  1000.00     0.00    -0.09     0.00     0.09    -0.00    -0.22    -0.04     0.99    -1.00     0.00     0.00     0.03     0.00   620.60   574.44
     0.00 -1000.00     0.00     0.09    -0.00    -0.09     0.00     0.23     0.04     1.01    -1.00    -0.00    -0.00    -0.03    -0.00   508.90   556.08
     0.00     0.00  1000.00    -0.00     0.09    -0.00     0.09     0.04     0.23     1.00    -1.01    -0.00    -0.00     0.00     0.03   556.08   508.90
     0.00     0.00 -1000.00     0.00    -0.09     0.00    -0.09    -0.04    -0.22     1.00    -0.99     0.00     0.00    -0.00    -0.03   574.44   620.60
     5.00  1000.00     0.00    -0.38    -0.28    -0.26     0.36     4.13     4.36     1.08    -1.08    -0.07    -0.07     0.02     0.02   772.62   717.24
     5.00 -1000.00     0.00    -0.19    -0.29    -0.46     0.37     4.68     4.45     1.09    -1.08    -0.07    -0.07    -0.05     0.02   637.74   694.30
     5.00     0.00  1000.00    -0.29    -0.19    -0.37     0.46     4.45     4.68     1.08    -1.09    -0.07    -0.07    -0.02     0.05   694.30   637.74
     5.00     0.00 -1000.00    -0.28    -0.38    -0.36     0.26     4.36     4.13     1.08    -1.08    -0.07    -0.07    -0.02    -0.02   717.24   772.62
    10.00  1000.00     0.00    -0.65    -0.56    -0.68     0.78     8.45     8.71     1.17    -1.18    -0.13    -0.13    -0.00     0.04   933.39   869.54
    10.00 -1000.00     0.00    -0.47    -0.56    -0.90     0.80     9.09     8.83     1.19    -1.18    -0.14    -0.14    -0.07     0.03   776.61   841.76
    10.00     0.00  1000.00    -0.56    -0.47    -0.80     0.90     8.83     9.09     1.18    -1.19    -0.14    -0.14    -0.03     0.07   841.76   776.61
    10.00     0.00 -1000.00    -0.56    -0.65    -0.78     0.68     8.71     8.45     1.18    -1.17    -0.13    -0.13    -0.04     0.00   869.54   933.39
    15.00  1000.00     0.00    -0.92    -0.83    -1.17     1.28    12.74    13.02     1.27    -1.28    -0.19    -0.20    -0.02     0.06  1103.12  1031.46
    15.00 -1000.00     0.00    -0.75    -0.84    -1.41     1.30    13.45    13.16     1.29    -1.28    -0.20    -0.20    -0.09     0.06   925.60   998.66
    15.00     0.00  1000.00    -0.84    -0.75    -1.30     1.41    13.16    13.45     1.28    -1.29    -0.20    -0.20    -0.06     0.09   998.66   925.60
    15.00     0.00 -1000.00    -0.83    -0.92    -1.28     1.17    13.02    12.74     1.28    -1.27    -0.20    -0.19    -0.06     0.02  1031.46  1103.12
    20.00  1000.00     0.00    -1.18    -1.09    -1.72     1.83    16.98    17.29     1.37    -1.39    -0.25    -0.25    -0.05     0.08  1281.99  1203.12
    20.00 -1000.00     0.00    -1.02    -1.10    -1.98     1.86    17.77    17.45     1.40    -1.39    -0.26    -0.26    -0.12     0.08  1084.81  1165.15
    20.00     0.00  1000.00    -1.10    -1.02    -1.86     1.98    17.45    17.77     1.39    -1.40    -0.26    -0.26    -0.08     0.12  1165.15  1084.81
    20.00     0.00 -1000.00    -1.09    -1.18    -1.83     1.72    17.29    16.98     1.39    -1.37    -0.25    -0.25    -0.08     0.05  1203.12  1281.99
    25.00  1000.00     0.00    -1.43    -1.35    -2.33     2.45    21.17    21.52     1.49    -1.50    -0.31    -0.31    -0.07     0.11  1470.13  1384.61
    25.00 -1000.00     0.00    -1.28    -1.36    -2.61     2.49    22.05    21.70     1.52    -1.50    -0.32    -0.32    -0.14     0.11  1254.32  1341.38
    25.00     0.00  1000.00    -1.36    -1.28    -2.49     2.61    21.70    22.05     1.50    -1.52    -0.32    -0.32    -0.11     0.14  1341.38  1254.32
    25.00     0.00 -1000.00    -1.35    -1.43    -2.45     2.33    21.52    21.17     1.50    -1.49    -0.31    -0.31    -0.11     0.07  1384.61  1470.13
    30.00  1000.00     0.00    -1.68    -1.60    -3.00     3.13    25.33    25.70     1.61    -1.63    -0.36    -0.36    -0.10     0.14  1667.69  1576.01
    30.00 -1000.00     0.00    -1.53    -1.61    -3.30     3.17    26.28    25.90     1.64    -1.63    -0.37    -0.37    -0.17     0.14  1434.20  1527.45
    30.00     0.00  1000.00    -1.61    -1.53    -3.17     3.30    25.90    26.28     1.63    -1.64    -0.37    -0.37    -0.14     0.17  1527.45  1434.20
    30.00     0.00 -1000.00    -1.60    -1.68    -3.13     3.00    25.70    25.33     1.63    -1.61    -0.36    -0.36    -0.14     0.10  1576.01  1667.69
    35.00  1000.00     0.00    -1.92    -1.85    -3.72     3.86    29.45    29.84     1.74    -1.76    -0.41    -0.41    -0.13     0.17  1874.79  1777.41
    35.00 -1000.00     0.00    -1.78    -1.85    -4.06     3.91    30.46    30.06     1.78    -1.76    -0.42    -0.42    -0.20     0.17  1624.49  1723.48
    35.00     0.00  1000.00    -1.85    -1.78    -3.91     4.06    30.06    30.46     1.76    -1.78    -0.42    -0.42    -0.17     0.20  1723.48  1624.49
    35.00     0.00 -1000.00    -1.85    -1.92    -3.86     3.72    29.84    29.45     1.76    -1.74    -0.41    -0.41    -0.17     0.13  1777.41  1874.79
    40.00  1000.00     0.00    -2.16    -2.08    -4.50     4.65    33.52    33.94     1.88    -1.90    -0.46    -0.46    -0.16     0.20  2091.51  1988.86
    40.00 -1000.00     0.00    -2.02    -2.09    -4.86     4.71    34.60    34.18     1.92    -1.90    -0.47    -0.47    -0.24     0.20  1825.27  1929.54
    40.00     0.00  1000.00    -2.09    -2.02    -4.71     4.86    34.18    34.60     1.90    -1.92    -0.47    -0.47    -0.20     0.24  1929.54  1825.27
    40.00     0.00 -1000.00    -2.08    -2.16    -4.65     4.50    33.94    33.52     1.90    -1.88    -0.46    -0.46    -0.20     0.16  1988.86  2091.51
    -5.00  1000.00     0.00     0.19     0.29     0.38    -0.29    -4.62    -4.47     0.92    -0.93     0.07     0.07     0.05    -0.01   477.09   440.98
    -5.00 -1000.00     0.00     0.39     0.29     0.20    -0.29    -4.27    -4.42     0.93    -0.93     0.07     0.07    -0.02    -0.01   389.95   426.90
    -5.00     0.00  1000.00     0.29     0.39     0.29    -0.20    -4.42    -4.27     0.93    -0.93     0.07     0.07     0.01     0.02   426.90   389.95
    -5.00     0.00 -1000.00     0.29     0.19     0.29    -0.38    -4.47    -4.62     0.93    -0.92     0.07     0.07     0.01    -0.05   440.98   477.09
   -10.00  1000.00     0.00     0.49     0.59     0.59    -0.51    -9.05    -8.95     0.86    -0.86     0.15     0.15     0.06    -0.02   341.81   316.67
   -10.00 -1000.00     0.00     0.70     0.59     0.43    -0.51    -8.81    -8.91     0.86    -0.86     0.15     0.15    -0.01    -0.02   280.73   306.47
   -10.00     0.00  1000.00     0.59     0.70     0.51    -0.43    -8.91    -8.81     0.86    -0.86     0.15     0.15     0.02     0.01   306.47   280.73
   -10.00     0.00 -1000.00     0.59     0.49     0.51    -0.59    -8.95    -9.05     0.86    -0.86     0.15     0.15     0.02    -0.06   316.67   341.81
   -15.00  1000.00     0.00     0.79     0.90     0.73    -0.65   -13.52   -13.47     0.80    -0.81     0.23     0.23     0.07    -0.03   214.41   201.28
   -15.00 -1000.00     0.00     1.01     0.90     0.57    -0.65   -13.39   -13.44     0.81    -0.81     0.23     0.23    -0.00    -0.03   181.03   194.49
   -15.00     0.00  1000.00     0.90     1.01     0.65    -0.57   -13.44   -13.39     0.81    -0.81     0.23     0.23     0.03     0.00   194.49   181.03
   -15.00     0.00 -1000.00     0.90     0.79     0.65    -0.73   -13.47   -13.52     0.81    -0.80     0.23     0.23     0.03    -0.07   201.28   214.41
   -20.00  1000.00     0.00     1.10     1.22     0.78    -0.71   -18.02   -18.02     0.76    -0.76     0.31     0.31     0.07    -0.03    94.50    94.49
   -20.00 -1000.00     0.00     1.33     1.22     0.63    -0.71   -18.01   -18.01     0.76    -0.76     0.31     0.31    -0.00    -0.04    90.58    90.56
   -20.00     0.00  1000.00     1.22     1.33     0.71    -0.63   -18.01   -18.01     0.76    -0.76     0.31     0.31     0.04     0.00    90.56    90.58
   -20.00     0.00 -1000.00     1.22     1.10     0.71    -0.78   -18.02   -18.02     0.76    -0.76     0.31     0.31     0.03    -0.07    94.49    94.50
   -25.00  1000.00     0.00     1.38     1.51     0.77    -0.69   -21.93   -22.26     0.73    -0.73     0.38     0.38     0.07    -0.04     0.00     0.00
   -25.00 -1000.00     0.00     1.66     1.53     0.61    -0.69   -22.66   -22.42     0.73    -0.73     0.39     0.39    -0.00    -0.04     7.08     0.00
   -25.00     0.00  1000.00     1.53     1.66     0.69    -0.61   -22.42   -22.66     0.73    -0.73     0.39     0.39     0.04     0.00     0.00     7.08
   -25.00     0.00 -1000.00     1.51     1.38     0.69    -0.77   -22.26   -21.93     0.73    -0.73     0.38     0.38     0.04    -0.07     0.00     0.00
   -30.00  1000.00     0.00     1.38     1.51     0.77    -0.69   -21.93   -22.26     0.73    -0.73     0.38     0.38     0.07    -0.04     0.00     0.00
   -30.00 -1000.00     0.00     1.68     1.53     0.60    -0.69   -22.96   -22.53     0.73    -0.73     0.40     0.39    -0.00    -0.04     0.00     0.00
   -30.00     0.00  1000.00     1.53     1.68     0.69    -0.60   -22.53   -22.96     0.73    -0.73     0.39     0.40     0.04     0.00     0.00     0.00
   -30.00     0.00 -1000.00     1.51     1.38     0.69    -0.77   -22.26   -21.93     0.73    -0.73     0.38     0.38     0.04    -0.07     0.00     0.00
   -35.00  1000.00     0.00     1.38     1.51     0.77    -0.69   -21.93   -22.26     0.73    -0.73     0.38     0.38     0.07    -0.04     0.00     0.00
   -35.00 -1000.00     0.00     1.68     1.53     0.60    -0.69   -22.96   -22.53     0.73    -0.73     0.40     0.39    -0.00    -0.04     0.00     0.00
   -35.00     0.00  1000.00     1.53     1.68     0.69    -0.60   -22.53   -22.96     0.73    -0.73     0.39     0.40     0.04     0.00     0.00     0.00
   -35.00     0.00 -1000.00     1.51     1.38     0.69    -0.77   -22.26   -21.93     0.73    -0.73     0.38     0.38     0.04    -0.07     0.00     0.00
   -40.00  1000.00     0.00     1.38     1.51     0.77    -0.69   -21.93   -22.26     0.73    -0.73     0.38     0.38     0.07    -0.04     0.00     0.00
   -40.00 -1000.00     0.00     1.68     1.53     0.60    -0.69   -22.96   -22.53     0.73    -0.73     0.40     0.39    -0.00    -0.04     0.00     0.00
   -40.00     0.00  1000.00     1.53     1.68     0.69    -0.60   -22.53   -22.96     0.73    -0.73     0.39     0.40     0.04     0.00     0.00     0.00
   -40.00     0.00 -1000.00     1.51     1.38     0.69    -0.77   -22.26   -21.93     0.73    -0.73     0.38     0.38     0.04    -0.07     0.00     0.00
