
  ----------------------------------------------------------------------------------------------------------------------------
  IPGKinematics  Version 3.6.11                                           Model: Querlenker                                   
  ----------------------------------------------------------------------------------------------------------------------------

   Table: Compliance - Force Z at Wheel Center                            Demo data                                           

   WhTra  ForceZ_L ForceZ_R   TraX_L   TraX_R   TraY_L   TraY_R   TraZ_L   TraZ_R   RotX_L   RotX_R   RotY_L   RotY_R   RotZ_L   RotZ_R WhlLoadL WhlLoadR
     [mm]      [N]      [N]     [mm]     [mm]     [mm]     [mm]     [mm]     [mm]    [deg]    [deg]    [deg]    [deg]    [deg]    [deg]      [N]      [N]

     0.00  1000.00     0.00    -0.46    -0.03    -0.54     0.08     6.61     0.71     1.14    -1.00    -0.09    -0.03    -0.03    -0.01     0.00   392.55
     0.00 -1000.00     0.00     0.23     0.01     0.21    -0.04    -3.29    -0.32     0.94    -1.00     0.05     0.01     0.01     0.01  1375.19   644.81
     0.00     0.00  1000.00    -0.03    -0.46    -0.08     0.54     0.71     6.61     1.00    -1.14    -0.03    -0.09     0.01     0.03   392.55     0.00
     0.00     0.00 -1000.00     0.01     0.23     0.04    -0.21    -0.32    -3.29     1.00    -0.94     0.01     0.05    -0.01    -0.01   644.81  1375.19
     5.00  1000.00     0.00    -0.57    -0.30    -0.75     0.43     8.59     4.89     1.18    -1.08    -0.12    -0.09    -0.04     0.01     0.00   587.32
     5.00 -1000.00     0.00    -0.06    -0.27    -0.10     0.32     1.18     4.05     1.02    -1.08    -0.02    -0.05    -0.01     0.02  1499.95   792.36
     5.00     0.00  1000.00    -0.30    -0.57    -0.43     0.75     4.89     8.59     1.08    -1.18    -0.09    -0.12    -0.01     0.04   587.32     0.00
     5.00     0.00 -1000.00    -0.27    -0.06    -0.32     0.10     4.05     1.18     1.08    -1.02    -0.05    -0.02    -0.02     0.01   792.36  1499.95
    10.00  1000.00     0.00    -0.78    -0.58    -1.12     0.85    11.87     9.16     1.25    -1.18    -0.17    -0.15    -0.05     0.03    92.02   760.59
    10.00 -1000.00     0.00    -0.34    -0.55    -0.49     0.74     5.61     8.39     1.11    -1.18    -0.09    -0.12    -0.02     0.04  1634.58   948.67
    10.00     0.00  1000.00    -0.58    -0.78    -0.85     1.12     9.16    11.87     1.18    -1.25    -0.15    -0.17    -0.03     0.05   760.59    92.02
    10.00     0.00 -1000.00    -0.55    -0.34    -0.74     0.49     8.39     5.61     1.18    -1.11    -0.12    -0.09    -0.04     0.02   948.67  1634.58
    15.00  1000.00     0.00    -1.04    -0.85    -1.66     1.36    16.13    13.50     1.36    -1.28    -0.23    -0.22    -0.07     0.05   265.65   914.47
    15.00 -1000.00     0.00    -0.62    -0.82    -0.94     1.22     9.99    12.69     1.20    -1.28    -0.16    -0.18    -0.04     0.06  1779.20  1113.91
    15.00     0.00  1000.00    -0.85    -1.04    -1.36     1.66    13.50    16.13     1.28    -1.36    -0.22    -0.23    -0.05     0.07   914.47   265.65
    15.00     0.00 -1000.00    -0.82    -0.62    -1.22     0.94    12.69     9.99     1.28    -1.20    -0.18    -0.16    -0.06     0.04  1113.91  1779.20
    20.00  1000.00     0.00    -1.30    -1.11    -2.26     1.93    20.35    17.80     1.47    -1.39    -0.29    -0.28    -0.10     0.08   448.54  1078.55
    20.00 -1000.00     0.00    -0.89    -1.08    -1.46     1.77    14.33    16.95     1.30    -1.38    -0.22    -0.24    -0.06     0.09  1933.96  1288.26
    20.00     0.00  1000.00    -1.11    -1.30    -1.93     2.26    17.80    20.35     1.39    -1.47    -0.28    -0.29    -0.08     0.10  1078.55   448.54
    20.00     0.00 -1000.00    -1.08    -0.89    -1.77     1.46    16.95    14.33     1.38    -1.30    -0.24    -0.22    -0.09     0.06  1288.26  1933.96
    25.00  1000.00     0.00    -1.55    -1.37    -2.92     2.56    24.53    22.06     1.59    -1.51    -0.34    -0.33    -0.13     0.10   640.82  1252.91
    25.00 -1000.00     0.00    -1.15    -1.34    -2.04     2.38    18.63    21.17     1.41    -1.50    -0.28    -0.30    -0.09     0.11  2098.92  1471.88
    25.00     0.00  1000.00    -1.37    -1.55    -2.56     2.92    22.06    24.53     1.51    -1.59    -0.33    -0.34    -0.10     0.13  1252.91   640.82
    25.00     0.00 -1000.00    -1.34    -1.15    -2.38     2.04    21.17    18.63     1.50    -1.41    -0.30    -0.28    -0.11     0.09  1471.88  2098.92
    30.00  1000.00     0.00    -1.80    -1.62    -3.63     3.25    28.67    26.27     1.72    -1.63    -0.40    -0.39    -0.16     0.13   842.63  1437.62
    30.00 -1000.00     0.00    -1.41    -1.59    -2.69     3.05    22.88    25.34     1.53    -1.62    -0.34    -0.35    -0.12     0.14  2274.17  1664.90
    30.00     0.00  1000.00    -1.62    -1.80    -3.25     3.63    26.27    28.67     1.63    -1.72    -0.39    -0.40    -0.13     0.16  1437.62   842.63
    30.00     0.00 -1000.00    -1.59    -1.41    -3.05     2.69    25.34    22.88     1.62    -1.53    -0.35    -0.34    -0.14     0.12  1664.90  2274.17
    35.00  1000.00     0.00    -2.04    -1.86    -4.40     4.00    32.76    30.43     1.86    -1.76    -0.44    -0.44    -0.19     0.16  1054.08  1632.72
    35.00 -1000.00     0.00    -1.66    -1.84    -3.39     3.78    27.08    29.48     1.66    -1.75    -0.39    -0.40    -0.15     0.17  2459.75  1867.45
    35.00     0.00  1000.00    -1.86    -2.04    -4.00     4.40    30.43    32.76     1.76    -1.86    -0.44    -0.44    -0.16     0.19  1632.72  1054.08
    35.00     0.00 -1000.00    -1.84    -1.66    -3.78     3.39    29.48    27.08     1.75    -1.66    -0.40    -0.39    -0.17     0.15  1867.45  2459.75
    40.00  1000.00     0.00    -2.27    -2.10    -5.23     4.80    36.82    34.55     2.00    -1.90    -0.49    -0.49    -0.23     0.20  1275.28  1838.25
    40.00 -1000.00     0.00    -1.90    -2.08    -4.15     4.56    31.24    33.57     1.80    -1.89    -0.44    -0.45    -0.18     0.21  2655.71  2079.65
    40.00     0.00  1000.00    -2.10    -2.27    -4.80     5.23    34.55    36.82     1.90    -2.00    -0.49    -0.49    -0.20     0.23  1838.25  1275.28
    40.00     0.00 -1000.00    -2.08    -1.90    -4.56     4.15    33.57    31.24     1.89    -1.80    -0.45    -0.44    -0.21     0.18  2079.65  2655.71
    -5.00  1000.00     0.00    -0.34     0.26    -0.35    -0.20     4.71    -3.55     1.11    -0.92    -0.05     0.03    -0.03    -0.03     0.00   215.28
    -5.00 -1000.00     0.00     0.53     0.30     0.45    -0.32    -7.81    -4.74     0.87    -0.93     0.13     0.09     0.02    -0.01  1260.07   505.81
    -5.00     0.00  1000.00     0.26    -0.34     0.20     0.35    -3.55     4.71     0.92    -1.11     0.03    -0.05     0.03     0.03   215.28     0.00
    -5.00     0.00 -1000.00     0.30     0.53     0.32    -0.45    -4.74    -7.81     0.93    -0.87     0.09     0.13     0.01    -0.02   505.81  1260.07
   -10.00  1000.00     0.00    -0.23     0.55    -0.18    -0.42     2.91    -7.89     1.07    -0.85    -0.02     0.10    -0.03    -0.04     0.00    56.53
   -10.00 -1000.00     0.00     0.84     0.60     0.61    -0.53   -12.36    -9.19     0.82    -0.86     0.21     0.16     0.03    -0.02  1154.33   375.14
   -10.00     0.00  1000.00     0.55    -0.23     0.42     0.18    -7.89     2.91     0.85    -1.07     0.10    -0.02     0.04     0.03    56.53     0.00
   -10.00     0.00 -1000.00     0.60     0.84     0.53    -0.61    -9.19   -12.36     0.86    -0.82     0.16     0.21     0.02    -0.03   375.14  1154.33
   -15.00  1000.00     0.00    -0.19     0.67    -0.12    -0.49     2.24    -9.60     1.06    -0.83    -0.00     0.13    -0.02    -0.05     0.00     0.00
   -15.00 -1000.00     0.00     1.16     0.91     0.69    -0.66   -16.96   -13.68     0.77    -0.81     0.29     0.24     0.03    -0.03  1057.56   252.55
   -15.00     0.00  1000.00     0.67    -0.19     0.49     0.12    -9.60     2.24     0.83    -1.06     0.13    -0.00     0.05     0.02     0.00     0.00
   -15.00     0.00 -1000.00     0.91     1.16     0.66    -0.69   -13.68   -16.96     0.81    -0.77     0.24     0.29     0.03    -0.03   252.55  1057.56
   -20.00  1000.00     0.00    -0.19     0.67    -0.12    -0.49     2.24    -9.60     1.06    -0.83    -0.00     0.13    -0.02    -0.05     0.00     0.00
   -20.00 -1000.00     0.00     1.48     1.22     0.69    -0.72   -21.59   -18.20     0.74    -0.76     0.38     0.32     0.03    -0.03   969.25   137.82
   -20.00     0.00  1000.00     0.67    -0.19     0.49     0.12    -9.60     2.24     0.83    -1.06     0.13    -0.00     0.05     0.02     0.00     0.00
   -20.00     0.00 -1000.00     1.22     1.48     0.72    -0.69   -18.20   -21.59     0.76    -0.74     0.32     0.38     0.03    -0.03   137.82   969.25
   -25.00  1000.00     0.00    -0.19     0.67    -0.12    -0.49     2.24    -9.60     1.06    -0.83    -0.00     0.13    -0.02    -0.05     0.00     0.00
   -25.00 -1000.00     0.00     1.81     1.55     0.60    -0.69   -26.26   -22.76     0.71    -0.73     0.46     0.40     0.03    -0.03   888.64    30.69
   -25.00     0.00  1000.00     0.67    -0.19     0.49     0.12    -9.60     2.24     0.83    -1.06     0.13    -0.00     0.05     0.02     0.00     0.00
   -25.00     0.00 -1000.00     1.55     1.81     0.69    -0.60   -22.76   -26.26     0.73    -0.71     0.40     0.46     0.03    -0.03    30.69   888.64
   -30.00  1000.00     0.00    -0.19     0.67    -0.12    -0.49     2.24    -9.60     1.06    -0.83    -0.00     0.13    -0.02    -0.05     0.00     0.00
   -30.00 -1000.00     0.00     2.15     1.70     0.42    -0.65   -30.89   -25.00     0.70    -0.72     0.55     0.44     0.02    -0.03   798.78     0.00
   -30.00     0.00  1000.00     0.67    -0.19     0.49     0.12    -9.60     2.24     0.83    -1.06     0.13    -0.00     0.05     0.02     0.00     0.00
   -30.00     0.00 -1000.00     1.70     2.15     0.65    -0.42   -25.00   -30.89     0.72    -0.70     0.44     0.55     0.03    -0.02     0.00   798.78
   -35.00  1000.00     0.00    -0.19     0.67    -0.12    -0.49     2.24    -9.60     1.06    -0.83    -0.00     0.13    -0.02    -0.05     0.00     0.00
   -35.00 -1000.00     0.00     2.50     1.77     0.16    -0.63   -35.56   -26.00     0.70    -0.71     0.65     0.46     0.02    -0.03   718.58     0.00
   -35.00     0.00  1000.00     0.67    -0.19     0.49     0.12    -9.60     2.24     0.83    -1.06     0.13    -0.00     0.05     0.02     0.00     0.00
   -35.00     0.00 -1000.00     1.77     2.50     0.63    -0.16   -26.00   -35.56     0.71    -0.70     0.46     0.65     0.03    -0.02     0.00   718.58
   -40.00  1000.00     0.00    -0.19     0.67    -0.12    -0.49     2.24    -9.60     1.06    -0.83    -0.00     0.13    -0.02    -0.05     0.00     0.00
   -40.00 -1000.00     0.00     2.85     1.82    -0.21    -0.61   -40.31   -26.69     0.71    -0.71     0.74     0.48     0.00    -0.03   655.04     0.00
   -40.00     0.00  1000.00     0.67    -0.19     0.49     0.12    -9.60     2.24     0.83    -1.06     0.13    -0.00     0.05     0.02     0.00     0.00
   -40.00     0.00 -1000.00     1.82     2.85     0.61     0.21   -26.69   -40.31     0.71    -0.71     0.48     0.74     0.03    -0.00     0.00   655.04
