
  ----------------------------------------------------------------------------------------------------------------------------
  IPGKinematics  Version 3.6.11                                           Model: Querlenker                                   
  ----------------------------------------------------------------------------------------------------------------------------

   Table: Steering Kinematics                                             Demo data                                           

   WhlTra  TraRack  WhlAngL  WhlAngR  CamberL KPOffset  TrackCh Ackerman TrackDif SteerDif AckError AckPCent StRodAng TrackDia  TurnDia
     [mm]     [mm]    [deg]    [deg]    [deg]     [mm]     [mm]    [deg]    [deg]    [deg]    [deg]      [%]    [deg]      [m]      [m]

     0.00     0.00    -0.00     0.00    -1.00    -3.44     0.00     0.00    -0.00    -0.00     0.00     0.00    74.48 ******** ********
     0.00    10.00     2.94     2.92    -0.43    -3.63    -0.65     2.79     0.15     0.02     0.13    10.38    71.78    61.19    61.69
     0.00    20.00     5.90     5.84     0.21    -3.81    -2.60     5.33     0.56     0.06     0.50    10.81    69.14    30.69    31.24
     0.00    30.00     8.88     8.75     0.92    -4.01    -5.85     7.67     1.21     0.14     1.08    11.19    66.57    20.52    21.13
     0.00    40.00    11.90    11.66     1.69    -4.22   -10.39     9.83     2.07     0.24     1.83    11.52    64.05    15.44    16.10
     0.00    50.00    14.96    14.59     2.54    -4.46   -16.20    11.85     3.10     0.37     2.74    11.78    61.60    12.39    13.11
     0.00    60.00    18.05    17.54     3.47    -4.75   -23.26    13.76     4.30     0.51     3.78    11.96    59.21    10.36    11.13
     0.00    70.00    21.20    20.52     4.47    -5.09   -31.55    15.57     5.63     0.68     4.95    12.03    56.87     8.90     9.73
     0.00     0.00    -0.00     0.00    -1.00    -3.44     0.00     0.00    -0.00    -0.00     0.00     0.00    74.48 ******** ********
     0.00   -10.00    -2.92    -2.94    -1.51    -3.25    -0.65    -2.79    -0.15    -0.02    -0.13    10.38    77.25    61.19    61.69
     0.00   -20.00    -5.84    -5.90    -1.95    -3.04    -2.60    -5.33    -0.56    -0.06    -0.50    10.81    80.09    30.69    31.24
     0.00   -30.00    -8.75    -8.88    -2.33    -2.81    -5.85    -7.67    -1.21    -0.14    -1.08    11.19    83.01    20.52    21.13
     0.00   -40.00   -11.66   -11.90    -2.65    -2.56   -10.39    -9.83    -2.07    -0.24    -1.83    11.52    86.02    15.44    16.10
     0.00   -50.00   -14.59   -14.96    -2.91    -2.28   -16.20   -11.85    -3.10    -0.37    -2.74    11.78    89.11    12.39    13.11
     0.00   -60.00   -17.54   -18.05    -3.10    -1.97   -23.26   -13.76    -4.30    -0.51    -3.78    11.96    92.30    10.36    11.13
     0.00   -70.00   -20.52   -21.20    -3.23    -1.63   -31.55   -15.57    -5.63    -0.68    -4.95    12.03    95.59     8.90     9.73
     5.00     0.00    -0.02     0.02    -1.08    -3.46     0.18    -0.02     0.00    -0.03     0.03     0.00    74.35 ******** ********
     5.00    10.00     2.90     2.92    -0.51    -3.64    -0.47     2.76     0.14    -0.02     0.16   -11.78    71.65    61.21    61.71
     5.00    20.00     5.85     5.82     0.13    -3.83    -2.41     5.29     0.55     0.03     0.53     5.11    69.01    30.78    31.34
     5.00    30.00     8.82     8.71     0.83    -4.02    -5.63     7.62     1.20     0.10     1.09     8.59    66.44    20.60    21.21
     5.00    40.00    11.81    11.61     1.61    -4.23   -10.13     9.77     2.04     0.20     1.84    10.03    63.92    15.51    16.17
     5.00    50.00    14.85    14.52     2.45    -4.47   -15.90    11.79     3.06     0.33     2.73    10.81    61.47    12.45    13.17
     5.00    60.00    17.93    17.45     3.37    -4.76   -22.91    13.68     4.25     0.48     3.77    11.29    59.08    10.41    11.18
     5.00    70.00    21.05    20.41     4.37    -5.10   -31.14    15.49     5.57     0.64     4.92    11.56    56.74     8.95     9.77
     5.00     0.00    -0.02     0.02    -1.08    -3.46     0.18     0.02    -0.00     0.03    -0.03     0.00    74.35 ******** ********
     5.00   -10.00    -2.92    -2.90    -1.59    -3.26    -0.47    -2.76    -0.14     0.02    -0.16   -11.78    77.12    61.21    61.71
     5.00   -20.00    -5.82    -5.85    -2.04    -3.06    -2.41    -5.29    -0.55    -0.03    -0.53     5.11    79.96    30.78    31.34
     5.00   -30.00    -8.71    -8.82    -2.42    -2.83    -5.63    -7.62    -1.20    -0.10    -1.09     8.59    82.88    20.60    21.21
     5.00   -40.00   -11.61   -11.81    -2.74    -2.57   -10.13    -9.77    -2.04    -0.20    -1.84    10.03    85.88    15.51    16.17
     5.00   -50.00   -14.52   -14.85    -3.00    -2.29   -15.90   -11.79    -3.06    -0.33    -2.73    10.81    88.96    12.45    13.17
     5.00   -60.00   -17.45   -17.93    -3.20    -1.98   -22.91   -13.68    -4.25    -0.48    -3.77    11.29    92.15    10.41    11.18
     5.00   -70.00   -20.41   -21.05    -3.33    -1.65   -31.14   -15.49    -5.57    -0.64    -4.92    11.56    95.44     8.95     9.77
    10.00     0.00    -0.03     0.03    -1.18    -3.47     0.32    -0.03     0.00    -0.07     0.07     0.00    74.22 ******** ********
    10.00    10.00     2.87     2.92    -0.60    -3.65    -0.33     2.73     0.14    -0.05     0.20   -38.98    71.52    61.17    61.67
    10.00    20.00     5.79     5.80     0.03    -3.84    -2.25     5.25     0.54    -0.01     0.55    -1.83    68.89    30.86    31.41
    10.00    30.00     8.74     8.68     0.74    -4.03    -5.45     7.57     1.18     0.06     1.12     5.41    66.31    20.68    21.29
    10.00    40.00    11.73    11.56     1.51    -4.24    -9.92     9.71     2.01     0.16     1.85     8.19    63.80    15.57    16.23
    10.00    50.00    14.75    14.45     2.35    -4.48   -15.65    11.72     3.03     0.29     2.74     9.61    61.35    12.50    13.22
    10.00    60.00    17.81    17.37     3.27    -4.77   -22.61    13.61     4.20     0.44     3.76    10.44    58.96    10.46    11.22
    10.00    70.00    20.91    20.31     4.26    -5.11   -30.79    15.41     5.50     0.60     4.90    10.93    56.63     8.99     9.81
    10.00     0.00    -0.03     0.03    -1.18    -3.47     0.32    -0.03     0.00    -0.07     0.07     0.00    74.22 ******** ********
    10.00   -10.00    -2.92    -2.87    -1.68    -3.28    -0.33    -2.73    -0.14     0.05    -0.20   -38.98    76.99    61.17    61.67
    10.00   -20.00    -5.80    -5.79    -2.13    -3.07    -2.25    -5.25    -0.54     0.01    -0.55    -1.83    79.83    30.86    31.41
    10.00   -30.00    -8.68    -8.74    -2.51    -2.84    -5.45    -7.57    -1.18    -0.06    -1.12     5.41    82.74    20.68    21.29
    10.00   -40.00   -11.56   -11.73    -2.84    -2.59    -9.92    -9.71    -2.01    -0.16    -1.85     8.19    85.74    15.57    16.23
    10.00   -50.00   -14.45   -14.75    -3.10    -2.31   -15.65   -11.72    -3.03    -0.29    -2.74     9.61    88.83    12.50    13.22
    10.00   -60.00   -17.37   -17.81    -3.30    -2.00   -22.61   -13.61    -4.20    -0.44    -3.76    10.44    92.01    10.46    11.22
    10.00   -70.00   -20.31   -20.91    -3.44    -1.66   -30.79   -15.41    -5.50    -0.60    -4.90    10.93    95.30     8.99     9.81
    15.00     0.00    -0.06     0.06    -1.28    -3.48     0.41    -0.06     0.00    -0.11     0.11 ********    74.10 ******** ********
    15.00    10.00     2.83     2.93    -0.71    -3.67    -0.23     2.69     0.14    -0.10     0.24   -71.60    71.40    61.06    61.56
    15.00    20.00     5.74     5.79    -0.07    -3.85    -2.14     5.20     0.54    -0.05     0.59   -10.06    68.77    30.92    31.47
    15.00    30.00     8.67     8.65     0.63    -4.04    -5.32     7.51     1.16     0.02     1.14     1.65    66.20    20.74    21.35
    15.00    40.00    11.64    11.52     1.40    -4.25    -9.76     9.65     1.99     0.12     1.87     6.00    63.69    15.63    16.29
    15.00    50.00    14.64    14.39     2.24    -4.49   -15.45    11.65     2.99     0.24     2.74     8.16    61.24    12.56    13.27
    15.00    60.00    17.68    17.29     3.16    -4.78   -22.37    13.53     4.14     0.39     3.75     9.41    58.85    10.50    11.27
    15.00    70.00    20.77    20.21     4.15    -5.12   -30.49    15.33     5.44     0.55     4.89    10.15    56.52     9.03     9.85
    15.00     0.00    -0.06     0.06    -1.28    -3.48     0.41    -0.06     0.00    -0.11     0.11 ********    74.10 ******** ********
    15.00   -10.00    -2.93    -2.83    -1.78    -3.29    -0.23    -2.69    -0.14     0.10    -0.24   -71.60    76.86    61.06    61.56
    15.00   -20.00    -5.79    -5.74    -2.23    -3.08    -2.14    -5.20    -0.54     0.05    -0.59   -10.06    79.70    30.92    31.47
    15.00   -30.00    -8.65    -8.67    -2.61    -2.86    -5.32    -7.51    -1.16    -0.02    -1.14     1.65    82.61    20.74    21.35
    15.00   -40.00   -11.52   -11.64    -2.94    -2.60    -9.76    -9.65    -1.99    -0.12    -1.87     6.00    85.61    15.63    16.29
    15.00   -50.00   -14.39   -14.64    -3.20    -2.32   -15.45   -11.65    -2.99    -0.24    -2.74     8.16    88.69    12.56    13.27
    15.00   -60.00   -17.29   -17.68    -3.41    -2.01   -22.37   -13.53    -4.14    -0.39    -3.75     9.41    91.87    10.50    11.27
    15.00   -70.00   -20.21   -20.77    -3.55    -1.67   -30.49   -15.33    -5.44    -0.55    -4.89    10.15    95.16     9.03     9.85
    20.00     0.00    -0.08     0.08    -1.39    -3.50     0.46     0.08    -0.00     0.16    -0.16 ********    73.98 ******** ********
    20.00    10.00     2.79     2.94    -0.82    -3.68    -0.17     2.66     0.13    -0.15     0.28  -110.05    71.29    60.89    61.39
    20.00    20.00     5.68     5.78    -0.18    -3.86    -2.07     5.16     0.53    -0.10     0.63   -19.61    68.66    30.96    31.51
    20.00    30.00     8.60     8.63     0.52    -4.05    -5.22     7.46     1.14    -0.03     1.17    -2.72    66.09    20.80    21.41
    20.00    40.00    11.55    11.48     1.29    -4.26    -9.64     9.59     1.96     0.07     1.89     3.46    63.59    15.68    16.34
    20.00    50.00    14.53    14.34     2.13    -4.50   -15.29    11.58     2.95     0.19     2.76     6.47    61.14    12.60    13.32
    20.00    60.00    17.55    17.22     3.04    -4.79   -22.17    13.46     4.09     0.34     3.76     8.19    58.75    10.54    11.31
    20.00    70.00    20.62    20.12     4.03    -5.12   -30.25    15.24     5.38     0.50     4.88     9.23    56.43     9.07     9.89
    20.00     0.00    -0.08     0.08    -1.39    -3.50     0.46    -0.08     0.00    -0.16     0.16 ********    73.98 ******** ********
    20.00   -10.00    -2.94    -2.79    -1.89    -3.31    -0.17    -2.66    -0.13     0.15    -0.28  -110.05    76.74    60.89    61.39
    20.00   -20.00    -5.78    -5.68    -2.34    -3.10    -2.07    -5.16    -0.53     0.10    -0.63   -19.61    79.58    30.96    31.51
    20.00   -30.00    -8.63    -8.60    -2.72    -2.87    -5.22    -7.46    -1.14     0.03    -1.17    -2.72    82.49    20.80    21.41
    20.00   -40.00   -11.48   -11.55    -3.05    -2.61    -9.64    -9.59    -1.96    -0.07    -1.89     3.46    85.48    15.68    16.34
    20.00   -50.00   -14.34   -14.53    -3.32    -2.33   -15.29   -11.58    -2.95    -0.19    -2.76     6.47    88.56    12.60    13.32
    20.00   -60.00   -17.22   -17.55    -3.52    -2.02   -22.17   -13.46    -4.09    -0.34    -3.76     8.19    91.74    10.54    11.31
    20.00   -70.00   -20.12   -20.62    -3.66    -1.68   -30.25   -15.24    -5.38    -0.50    -4.88     9.23    95.02     9.07     9.89
    25.00     0.00    -0.11     0.11    -1.50    -3.51     0.48     0.11    -0.00     0.21    -0.22 ********    73.87 ******** ********
    25.00    10.00     2.75     2.95    -0.93    -3.69    -0.15     2.62     0.13    -0.20     0.33  -154.83    71.18    60.67    61.17
    25.00    20.00     5.62     5.78    -0.30    -3.87    -2.03     5.11     0.51    -0.16     0.67   -30.56    68.56    30.99    31.54
    25.00    30.00     8.52     8.61     0.40    -4.06    -5.17     7.40     1.12    -0.09     1.21    -7.70    65.99    20.85    21.45
    25.00    40.00    11.45    11.44     1.17    -4.27    -9.56     9.52     1.93     0.01     1.92     0.55    63.49    15.73    16.39
    25.00    50.00    14.42    14.29     2.00    -4.51   -15.18    11.51     2.91     0.13     2.78     4.53    61.05    12.65    13.36
    25.00    60.00    17.42    17.15     2.91    -4.79   -22.02    13.38     4.04     0.27     3.77     6.78    58.67    10.59    11.35
    25.00    70.00    20.47    20.04     3.89    -5.13   -30.05    15.16     5.31     0.43     4.88     8.15    56.35     9.11     9.92
    25.00     0.00    -0.11     0.11    -1.50    -3.51     0.48    -0.11     0.00    -0.21     0.22 ********    73.87 ******** ********
    25.00   -10.00    -2.95    -2.75    -2.01    -3.32    -0.15    -2.62    -0.13     0.20    -0.33  -154.83    76.63    60.67    61.17
    25.00   -20.00    -5.78    -5.62    -2.46    -3.11    -2.03    -5.11    -0.51     0.16    -0.67   -30.56    79.46    30.99    31.54
    25.00   -30.00    -8.61    -8.52    -2.84    -2.88    -5.17    -7.40    -1.12     0.09    -1.21    -7.70    82.37    20.85    21.45
    25.00   -40.00   -11.44   -11.45    -3.17    -2.63    -9.56    -9.52    -1.93    -0.01    -1.92     0.55    85.36    15.73    16.39
    25.00   -50.00   -14.29   -14.42    -3.44    -2.34   -15.18   -11.51    -2.91    -0.13    -2.78     4.53    88.43    12.65    13.36
    25.00   -60.00   -17.15   -17.42    -3.64    -2.03   -22.02   -13.38    -4.04    -0.27    -3.77     6.78    91.60    10.59    11.35
    25.00   -70.00   -20.04   -20.47    -3.79    -1.68   -30.05   -15.16    -5.31    -0.43    -4.88     8.15    94.88     9.11     9.92
    30.00     0.00    -0.14     0.14    -1.63    -3.52     0.46     0.14    -0.00     0.27    -0.27 ********    73.77 ******** ********
    30.00    10.00     2.70     2.96    -1.06    -3.70    -0.17     2.58     0.13    -0.26     0.38  -206.52    71.08    60.39    60.89
    30.00    20.00     5.56     5.78    -0.43    -3.88    -2.04     5.06     0.50    -0.22     0.72   -42.95    68.46    31.00    31.55
    30.00    30.00     8.45     8.59     0.27    -4.07    -5.16     7.34     1.11    -0.15     1.25   -13.31    65.90    20.89    21.50
    30.00    40.00    11.36    11.41     1.04    -4.28    -9.52     9.46     1.90    -0.05     1.95    -2.72    63.40    15.78    16.44
    30.00    50.00    14.31    14.24     1.87    -4.52   -15.11    11.44     2.87     0.07     2.80     2.35    60.97    12.69    13.40
    30.00    60.00    17.29    17.09     2.78    -4.80   -21.91    13.30     3.99     0.21     3.78     5.19    58.59    10.62    11.39
    30.00    70.00    20.32    19.96     3.76    -5.13   -29.90    15.08     5.25     0.36     4.88     6.93    56.27     9.14     9.96
    30.00     0.00    -0.14     0.14    -1.63    -3.52     0.46     0.14    -0.00     0.27    -0.27 ********    73.77 ******** ********
    30.00   -10.00    -2.96    -2.70    -2.13    -3.33    -0.17    -2.58    -0.13     0.26    -0.38  -206.52    76.53    60.39    60.89
    30.00   -20.00    -5.78    -5.56    -2.58    -3.12    -2.04    -5.06    -0.50     0.22    -0.72   -42.95    79.35    31.00    31.55
    30.00   -30.00    -8.59    -8.45    -2.97    -2.89    -5.16    -7.34    -1.11     0.15    -1.25   -13.31    82.25    20.89    21.50
    30.00   -40.00   -11.41   -11.36    -3.29    -2.64    -9.52    -9.46    -1.90     0.05    -1.95    -2.72    85.24    15.78    16.44
    30.00   -50.00   -14.24   -14.31    -3.56    -2.35   -15.11   -11.44    -2.87    -0.07    -2.80     2.35    88.31    12.69    13.40
    30.00   -60.00   -17.09   -17.29    -3.77    -2.03   -21.91   -13.30    -3.99    -0.21    -3.78     5.19    91.48    10.62    11.39
    30.00   -70.00   -19.96   -20.32    -3.92    -1.69   -29.90   -15.08    -5.25    -0.36    -4.88     6.93    94.75     9.14     9.96
    35.00     0.00    -0.17     0.17    -1.76    -3.53     0.40     0.17    -0.00     0.34    -0.34 ********    73.67 ******** ********
    35.00    10.00     2.66     2.98    -1.19    -3.71    -0.22     2.53     0.12    -0.32     0.44  -265.82    70.99    60.07    60.57
    35.00    20.00     5.50     5.78    -0.56    -3.89    -2.08     5.01     0.49    -0.28     0.77   -56.86    68.37    30.99    31.54
    35.00    30.00     8.37     8.58     0.14    -4.08    -5.18     7.28     1.09    -0.21     1.30   -19.57    65.82    20.92    21.53
    35.00    40.00    11.26    11.38     0.90    -4.29    -9.52     9.39     1.87    -0.12     1.99    -6.37    63.32    15.82    16.48
    35.00    50.00    14.19    14.19     1.73    -4.52   -15.08    11.36     2.83    -0.00     2.83    -0.09    60.89    12.73    13.44
    35.00    60.00    17.16    17.03     2.63    -4.80   -21.84    13.22     3.94     0.13     3.80     3.42    58.52    10.66    11.42
    35.00    70.00    20.17    19.88     3.61    -5.14   -29.79    14.99     5.18     0.29     4.89     5.56    56.21     9.18     9.99
    35.00     0.00    -0.17     0.17    -1.76    -3.53     0.40     0.17    -0.00     0.34    -0.34 ********    73.67 ******** ********
    35.00   -10.00    -2.98    -2.66    -2.26    -3.34    -0.22    -2.53    -0.12     0.32    -0.44  -265.82    76.42    60.07    60.57
    35.00   -20.00    -5.78    -5.50    -2.71    -3.13    -2.08    -5.01    -0.49     0.28    -0.77   -56.86    79.25    30.99    31.54
    35.00   -30.00    -8.58    -8.37    -3.10    -2.90    -5.18    -7.28    -1.09     0.21    -1.30   -19.57    82.14    20.92    21.53
    35.00   -40.00   -11.38   -11.26    -3.43    -2.65    -9.52    -9.39    -1.87     0.12    -1.99    -6.37    85.12    15.82    16.48
    35.00   -50.00   -14.19   -14.19    -3.69    -2.36   -15.08   -11.36    -2.83     0.00    -2.83    -0.09    88.19    12.73    13.44
    35.00   -60.00   -17.03   -17.16    -3.91    -2.04   -21.84   -13.22    -3.94    -0.13    -3.80     3.42    91.35    10.66    11.42
    35.00   -70.00   -19.88   -20.17    -4.06    -1.69   -29.79   -14.99    -5.18    -0.29    -4.89     5.56    94.62     9.18     9.99
    40.00     0.00    -0.20     0.20    -1.90    -3.55     0.31    -0.20     0.00    -0.40     0.40 ********    73.58 ******** ********
    40.00    10.00     2.61     3.00    -1.33    -3.73    -0.31     2.49     0.12    -0.39     0.51  -333.52    70.90    59.70    60.20
    40.00    20.00     5.43     5.78    -0.70    -3.90    -2.16     4.95     0.48    -0.35     0.83   -72.36    68.29    30.97    31.52
    40.00    30.00     8.28     8.57    -0.01    -4.09    -5.24     7.22     1.07    -0.28     1.35   -26.50    65.74    20.95    21.56
    40.00    40.00    11.16    11.36     0.75    -4.30    -9.56     9.32     1.84    -0.19     2.03   -10.39    63.25    15.85    16.51
    40.00    50.00    14.08    14.15     1.58    -4.53   -15.08    11.29     2.79    -0.08     2.87    -2.78    60.83    12.76    13.47
    40.00    60.00    17.03    16.97     2.48    -4.81   -21.81    13.14     3.88     0.06     3.83     1.45    58.46    10.69    11.45
    40.00    70.00    20.02    19.81     3.45    -5.14   -29.73    14.91     5.11     0.21     4.91     4.03    56.15     9.21    10.02
    40.00     0.00    -0.20     0.20    -1.90    -3.55     0.31     0.20    -0.00     0.40    -0.40 ********    73.58 ******** ********
    40.00   -10.00    -3.00    -2.61    -2.40    -3.35    -0.31    -2.49    -0.12     0.39    -0.51  -333.52    76.33    59.70    60.20
    40.00   -20.00    -5.78    -5.43    -2.85    -3.15    -2.16    -4.95    -0.48     0.35    -0.83   -72.36    79.14    30.97    31.52
    40.00   -30.00    -8.57    -8.28    -3.24    -2.91    -5.24    -7.22    -1.07     0.28    -1.35   -26.50    82.04    20.95    21.56
    40.00   -40.00   -11.36   -11.16    -3.56    -2.66    -9.56    -9.32    -1.84     0.19    -2.03   -10.39    85.01    15.85    16.51
    40.00   -50.00   -14.15   -14.08    -3.83    -2.37   -15.08   -11.29    -2.79     0.08    -2.87    -2.78    88.07    12.76    13.47
    40.00   -60.00   -16.97   -17.03    -4.05    -2.04   -21.81   -13.14    -3.88    -0.06    -3.83     1.45    91.23    10.69    11.45
    40.00   -70.00   -19.81   -20.02    -4.20    -1.69   -29.73   -14.91    -5.11    -0.21    -4.91     4.03    94.49     9.21    10.02
     0.00     0.00    -0.00     0.00    -1.00    -3.44     0.00     0.00    -0.00    -0.00     0.00     0.00    74.48 ******** ********
     0.00    10.00     2.94     2.92    -0.43    -3.63    -0.65     2.79     0.15     0.02     0.13    10.38    71.78    61.19    61.69
     0.00    20.00     5.90     5.84     0.21    -3.81    -2.60     5.33     0.56     0.06     0.50    10.81    69.14    30.69    31.24
     0.00    30.00     8.88     8.75     0.92    -4.01    -5.85     7.67     1.21     0.14     1.08    11.19    66.57    20.52    21.13
     0.00    40.00    11.90    11.66     1.69    -4.22   -10.39     9.83     2.07     0.24     1.83    11.52    64.05    15.44    16.10
     0.00    50.00    14.96    14.59     2.54    -4.46   -16.20    11.85     3.10     0.37     2.74    11.78    61.60    12.39    13.11
     0.00    60.00    18.05    17.54     3.47    -4.75   -23.26    13.76     4.30     0.51     3.78    11.96    59.21    10.36    11.13
     0.00    70.00    21.20    20.52     4.47    -5.09   -31.55    15.57     5.63     0.68     4.95    12.03    56.87     8.90     9.73
     0.00     0.00    -0.00     0.00    -1.00    -3.44     0.00     0.00    -0.00    -0.00     0.00     0.00    74.48 ******** ********
     0.00   -10.00    -2.92    -2.94    -1.51    -3.25    -0.65    -2.79    -0.15    -0.02    -0.13    10.38    77.25    61.19    61.69
     0.00   -20.00    -5.84    -5.90    -1.95    -3.04    -2.60    -5.33    -0.56    -0.06    -0.50    10.81    80.09    30.69    31.24
     0.00   -30.00    -8.75    -8.88    -2.33    -2.81    -5.85    -7.67    -1.21    -0.14    -1.08    11.19    83.01    20.52    21.13
     0.00   -40.00   -11.66   -11.90    -2.65    -2.56   -10.39    -9.83    -2.07    -0.24    -1.83    11.52    86.02    15.44    16.10
     0.00   -50.00   -14.59   -14.96    -2.91    -2.28   -16.20   -11.85    -3.10    -0.37    -2.74    11.78    89.11    12.39    13.11
     0.00   -60.00   -17.54   -18.05    -3.10    -1.97   -23.26   -13.76    -4.30    -0.51    -3.78    11.96    92.30    10.36    11.13
     0.00   -70.00   -20.52   -21.20    -3.23    -1.63   -31.55   -15.57    -5.63    -0.68    -4.95    12.03    95.59     8.90     9.73
    -5.00     0.00     0.01    -0.01    -0.93    -3.43    -0.22    -0.01    -0.00    -0.03     0.03     0.00    74.62 ******** ********
    -5.00    10.00     2.97     2.93    -0.35    -3.61    -0.88     2.82     0.15     0.04     0.11    27.80    71.92    61.10    61.60
    -5.00    20.00     5.95     5.86     0.29    -3.80    -2.85     5.37     0.57     0.09     0.48    15.30    69.28    30.57    31.13
    -5.00    30.00     8.95     8.79     0.99    -3.99    -6.12     7.72     1.23     0.16     1.07    13.22    66.71    20.43    21.04
    -5.00    40.00    11.99    11.72     1.77    -4.21   -10.70     9.89     2.09     0.27     1.83    12.67    64.19    15.36    16.03
    -5.00    50.00    15.06    14.67     2.63    -4.45   -16.55    11.92     3.14     0.39     2.75    12.50    61.74    12.33    13.05
    -5.00    60.00    18.17    17.63     3.55    -4.74   -23.67    13.83     4.34     0.54     3.80    12.44    59.35    10.30    11.08
    -5.00    70.00    21.34    20.63     4.55    -5.08   -32.02    15.65     5.69     0.70     4.99    12.36    57.01     8.86     9.68
    -5.00     0.00     0.01    -0.01    -0.93    -3.43    -0.22    -0.01    -0.00    -0.03     0.03     0.00    74.62 ******** ********
    -5.00   -10.00    -2.93    -2.97    -1.43    -3.23    -0.88    -2.82    -0.15    -0.04    -0.11    27.80    77.39    61.10    61.60
    -5.00   -20.00    -5.86    -5.95    -1.88    -3.03    -2.85    -5.37    -0.57    -0.09    -0.48    15.30    80.24    30.57    31.13
    -5.00   -30.00    -8.79    -8.95    -2.26    -2.80    -6.12    -7.72    -1.23    -0.16    -1.07    13.22    83.16    20.43    21.04
    -5.00   -40.00   -11.72   -11.99    -2.57    -2.54   -10.70    -9.89    -2.09    -0.27    -1.83    12.67    86.16    15.36    16.03
    -5.00   -50.00   -14.67   -15.06    -2.83    -2.26   -16.55   -11.92    -3.14    -0.39    -2.75    12.50    89.25    12.33    13.05
    -5.00   -60.00   -17.63   -18.17    -3.02    -1.95   -23.67   -13.83    -4.34    -0.54    -3.80    12.44    92.44    10.30    11.08
    -5.00   -70.00   -20.63   -21.34    -3.15    -1.62   -32.02   -15.65    -5.69    -0.70    -4.99    12.36    95.74     8.86     9.68
   -10.00     0.00     0.02    -0.02    -0.86    -3.41    -0.49    -0.02    -0.00    -0.05     0.05     0.00    74.77 ******** ********
   -10.00    10.00     3.00     2.93    -0.29    -3.60    -1.15     2.84     0.15     0.06     0.09    40.72    72.07    60.94    61.44
   -10.00    20.00     5.99     5.88     0.35    -3.79    -3.14     5.41     0.58     0.11     0.47    18.63    69.43    30.44    30.99
   -10.00    30.00     9.01     8.83     1.06    -3.98    -6.44     7.77     1.25     0.18     1.06    14.70    66.86    20.33    20.94
   -10.00    40.00    12.07    11.78     1.84    -4.20   -11.06     9.95     2.12     0.29     1.83    13.48    64.34    15.28    15.95
   -10.00    50.00    15.16    14.75     2.70    -4.44   -16.96    11.98     3.18     0.41     2.76    12.99    61.89    12.26    12.98
   -10.00    60.00    18.30    17.74     3.63    -4.73   -24.14    13.90     4.39     0.56     3.83    12.74    59.49    10.25    11.02
   -10.00    70.00    21.48    20.76     4.63    -5.07   -32.56    15.72     5.75     0.72     5.03    12.53    57.16     8.81     9.63
   -10.00     0.00     0.02    -0.02    -0.86    -3.41    -0.49    -0.02    -0.00    -0.05     0.05     0.00    74.77 ******** ********
   -10.00   -10.00    -2.93    -3.00    -1.37    -3.22    -1.15    -2.84    -0.15    -0.06    -0.09    40.72    77.54    60.94    61.44
   -10.00   -20.00    -5.88    -5.99    -1.81    -3.01    -3.14    -5.41    -0.58    -0.11    -0.47    18.63    80.38    30.44    30.99
   -10.00   -30.00    -8.83    -9.01    -2.19    -2.78    -6.44    -7.77    -1.25    -0.18    -1.06    14.70    83.30    20.33    20.94
   -10.00   -40.00   -11.78   -12.07    -2.50    -2.52   -11.06    -9.95    -2.12    -0.29    -1.83    13.48    86.31    15.28    15.95
   -10.00   -50.00   -14.75   -15.16    -2.75    -2.24   -16.96   -11.98    -3.18    -0.41    -2.76    12.99    89.40    12.26    12.98
   -10.00   -60.00   -17.74   -18.30    -2.94    -1.93   -24.14   -13.90    -4.39    -0.56    -3.83    12.74    92.59    10.25    11.02
   -10.00   -70.00   -20.76   -21.48    -3.06    -1.60   -32.56   -15.72    -5.75    -0.72    -5.03    12.53    95.90     8.81     9.63
   -15.00     0.00     0.03    -0.03    -0.81    -3.40    -0.80    -0.03    -0.00    -0.06     0.06     0.00    74.92 ******** ********
   -15.00    10.00     3.02     2.95    -0.23    -3.59    -1.47     2.87     0.16     0.08     0.08    49.35    72.22    60.71    61.21
   -15.00    20.00     6.04     5.91     0.41    -3.77    -3.48     5.45     0.59     0.12     0.47    20.82    69.59    30.29    30.84
   -15.00    30.00     9.08     8.88     1.12    -3.97    -6.81     7.82     1.26     0.20     1.06    15.64    67.01    20.22    20.83
   -15.00    40.00    12.15    11.85     1.90    -4.18   -11.47    10.01     2.15     0.30     1.85    13.95    64.50    15.20    15.87
   -15.00    50.00    15.26    14.84     2.76    -4.43   -17.43    12.05     3.21     0.43     2.79    13.24    62.05    12.19    12.91
   -15.00    60.00    18.42    17.84     3.69    -4.72   -24.67    13.97     4.44     0.57     3.87    12.85    59.65    10.19    10.96
   -15.00    70.00    21.62    20.89     4.70    -5.06   -33.16    15.80     5.81     0.73     5.08    12.55    57.32     8.75     9.58
   -15.00     0.00     0.03    -0.03    -0.81    -3.40    -0.80    -0.03    -0.00    -0.06     0.06     0.00    74.92 ******** ********
   -15.00   -10.00    -2.95    -3.02    -1.31    -3.20    -1.47    -2.87    -0.16    -0.08    -0.08    49.35    77.69    60.71    61.21
   -15.00   -20.00    -5.91    -6.04    -1.75    -2.99    -3.48    -5.45    -0.59    -0.12    -0.47    20.82    80.54    30.29    30.84
   -15.00   -30.00    -8.88    -9.08    -2.13    -2.76    -6.81    -7.82    -1.26    -0.20    -1.06    15.64    83.46    20.22    20.83
   -15.00   -40.00   -11.85   -12.15    -2.44    -2.50   -11.47   -10.01    -2.15    -0.30    -1.85    13.95    86.46    15.20    15.87
   -15.00   -50.00   -14.84   -15.26    -2.69    -2.22   -17.43   -12.05    -3.21    -0.43    -2.79    13.24    89.56    12.19    12.91
   -15.00   -60.00   -17.84   -18.42    -2.87    -1.91   -24.67   -13.97    -4.44    -0.57    -3.87    12.85    92.75    10.19    10.96
   -15.00   -70.00   -20.89   -21.62    -2.99    -1.58   -33.16   -15.80    -5.81    -0.73    -5.08    12.55    96.05     8.75     9.58
   -20.00     0.00     0.03    -0.03    -0.76    -3.38    -1.17     0.03     0.00     0.07    -0.07     0.00    75.08 ******** ********
   -20.00    10.00     3.05     2.96    -0.19    -3.57    -1.84     2.89     0.16     0.09     0.07    53.88    72.38    60.40    60.90
   -20.00    20.00     6.08     5.95     0.45    -3.76    -3.87     5.48     0.60     0.13     0.47    21.90    69.75    30.11    30.67
   -20.00    30.00     9.14     8.93     1.17    -3.96    -7.23     7.86     1.28     0.20     1.07    16.04    67.18    20.10    20.71
   -20.00    40.00    12.23    11.93     1.95    -4.17   -11.94    10.06     2.17     0.31     1.86    14.10    64.67    15.10    15.77
   -20.00    50.00    15.36    14.93     2.81    -4.42   -17.95    12.11     3.25     0.43     2.82    13.25    62.22    12.11    12.84
   -20.00    60.00    18.53    17.96     3.75    -4.71   -25.26    14.04     4.49     0.57     3.92    12.78    59.83    10.12    10.90
   -20.00    70.00    21.75    21.02     4.76    -5.05   -33.82    15.88     5.88     0.73     5.14    12.50    57.49     8.70     9.53
   -20.00     0.00     0.03    -0.03    -0.76    -3.38    -1.17     0.03     0.00     0.07    -0.07     0.00    75.08 ******** ********
   -20.00   -10.00    -2.96    -3.05    -1.27    -3.19    -1.84    -2.89    -0.16    -0.09    -0.07    53.88    77.85    60.40    60.90
   -20.00   -20.00    -5.95    -6.08    -1.71    -2.97    -3.87    -5.48    -0.60    -0.13    -0.47    21.90    80.69    30.11    30.67
   -20.00   -30.00    -8.93    -9.14    -2.08    -2.74    -7.23    -7.86    -1.28    -0.20    -1.07    16.04    83.61    20.10    20.71
   -20.00   -40.00   -11.93   -12.23    -2.39    -2.48   -11.94   -10.06    -2.17    -0.31    -1.86    14.10    86.62    15.10    15.77
   -20.00   -50.00   -14.93   -15.36    -2.63    -2.20   -17.95   -12.11    -3.25    -0.43    -2.82    13.25    89.71    12.11    12.84
   -20.00   -60.00   -17.96   -18.53    -2.81    -1.89   -25.26   -14.04    -4.49    -0.57    -3.92    12.78    92.91    10.12    10.90
   -20.00   -70.00   -21.02   -21.75    -2.93    -1.56   -33.82   -15.88    -5.88    -0.73    -5.14    12.50    96.20     8.70     9.53
   -25.00     0.00     0.04    -0.04    -0.73    -3.37    -1.55    -0.04    -0.00    -0.07     0.07     0.00    75.24 ******** ********
   -25.00    10.00     3.07     2.98    -0.15    -3.56    -2.23     2.91     0.16     0.09     0.07    56.02    72.55    60.06    60.57
   -25.00    20.00     6.12     5.98     0.49    -3.75    -4.24     5.52     0.60     0.14     0.46    23.30    69.92    29.96    30.52
   -25.00    30.00     9.20     8.98     1.20    -3.95    -7.61     7.91     1.29     0.22     1.07    17.29    67.35    20.00    20.62
   -25.00    40.00    12.31    11.97     1.99    -4.16   -12.32    10.11     2.20     0.34     1.86    15.30    64.84    15.04    15.71
   -25.00    50.00    15.46    14.99     2.86    -4.41   -18.35    12.17     3.29     0.47     2.81    14.44    62.39    12.07    12.80
   -25.00    60.00    18.65    18.02     3.80    -4.70   -25.68    14.11     4.54     0.63     3.91    13.96    60.00    10.09    10.87
   -25.00    70.00    21.89    21.08     4.82    -5.04   -34.26    15.95     5.94     0.81     5.13    13.60    57.67     8.68     9.51
   -25.00     0.00     0.04    -0.04    -0.73    -3.37    -1.55     0.04     0.00     0.07    -0.07     0.00    75.24 ******** ********
   -25.00   -10.00    -2.98    -3.07    -1.24    -3.17    -2.23    -2.91    -0.16    -0.09    -0.07    56.02    78.00    60.06    60.57
   -25.00   -20.00    -5.98    -6.12    -1.68    -2.96    -4.24    -5.52    -0.60    -0.14    -0.46    23.30    80.82    29.96    30.52
   -25.00   -30.00    -8.98    -9.20    -2.05    -2.73    -7.61    -7.91    -1.29    -0.22    -1.07    17.29    83.73    20.00    20.62
   -25.00   -40.00   -11.97   -12.31    -2.36    -2.47   -12.32   -10.11    -2.20    -0.34    -1.86    15.30    86.72    15.04    15.71
   -25.00   -50.00   -14.99   -15.46    -2.61    -2.19   -18.35   -12.17    -3.29    -0.47    -2.81    14.44    89.80    12.07    12.80
   -25.00   -60.00   -18.02   -18.65    -2.79    -1.88   -25.68   -14.11    -4.54    -0.63    -3.91    13.96    92.98    10.09    10.87
   -25.00   -70.00   -21.08   -21.89    -2.90    -1.54   -34.26   -15.95    -5.94    -0.81    -5.13    13.60    96.28     8.68     9.51
   -30.00     0.00     0.04    -0.04    -0.73    -3.37    -1.55     0.04     0.00     0.07    -0.07     0.00    75.24 ******** ********
   -30.00    10.00     3.07     2.98    -0.15    -3.56    -2.23     2.91     0.16     0.09     0.07    56.21    72.55    60.06    60.56
   -30.00    20.00     6.12     5.98     0.49    -3.75    -4.28     5.52     0.60     0.14     0.46    23.74    69.94    29.95    30.51
   -30.00    30.00     9.21     8.98     1.21    -3.94    -7.68     7.92     1.30     0.23     1.07    17.85    67.38    19.99    20.61
   -30.00    40.00    12.34    11.99     2.00    -4.16   -12.43    10.13     2.20     0.35     1.85    15.95    64.89    15.03    15.70
   -30.00    50.00    15.50    15.00     2.87    -4.40   -18.51    12.20     3.30     0.50     2.80    15.16    62.47    12.06    12.78
   -30.00    60.00    18.72    18.05     3.82    -4.69   -25.91    14.15     4.57     0.67     3.89    14.75    60.10    10.07    10.86
   -30.00    70.00    21.99    21.13     4.85    -5.03   -34.58    16.01     5.98     0.86     5.12    14.45    57.80     8.66     9.49
   -30.00     0.00     0.04    -0.04    -0.73    -3.37    -1.55     0.04     0.00     0.07    -0.07     0.00    75.24 ******** ********
   -30.00   -10.00    -2.98    -3.07    -1.24    -3.17    -2.23    -2.91    -0.16    -0.09    -0.07    56.21    78.00    60.06    60.56
   -30.00   -20.00    -5.98    -6.12    -1.68    -2.96    -4.28    -5.52    -0.60    -0.14    -0.46    23.74    80.83    29.95    30.51
   -30.00   -30.00    -8.98    -9.21    -2.05    -2.73    -7.68    -7.92    -1.30    -0.23    -1.07    17.85    83.74    19.99    20.61
   -30.00   -40.00   -11.99   -12.34    -2.36    -2.47   -12.43   -10.13    -2.20    -0.35    -1.85    15.95    86.74    15.03    15.70
   -30.00   -50.00   -15.00   -15.50    -2.60    -2.18   -18.51   -12.20    -3.30    -0.50    -2.80    15.16    89.83    12.06    12.78
   -30.00   -60.00   -18.05   -18.72    -2.78    -1.87   -25.91   -14.15    -4.57    -0.67    -3.89    14.75    93.02    10.07    10.86
   -30.00   -70.00   -21.13   -21.99    -2.89    -1.54   -34.58   -16.01    -5.98    -0.86    -5.12    14.45    96.32     8.66     9.49
   -35.00     0.00     0.04    -0.04    -0.73    -3.37    -1.55     0.04     0.00     0.07    -0.07     0.00    75.24 ******** ********
   -35.00    10.00     3.07     2.98    -0.15    -3.56    -2.23     2.91     0.16     0.09     0.07    56.21    72.55    60.06    60.56
   -35.00    20.00     6.12     5.98     0.49    -3.75    -4.28     5.52     0.60     0.14     0.46    23.74    69.94    29.95    30.51
   -35.00    30.00     9.21     8.98     1.21    -3.94    -7.68     7.92     1.30     0.23     1.07    17.85    67.38    19.99    20.61
   -35.00    40.00    12.34    11.99     2.00    -4.16   -12.43    10.13     2.20     0.35     1.85    15.95    64.89    15.03    15.70
   -35.00    50.00    15.50    15.00     2.87    -4.40   -18.51    12.20     3.30     0.50     2.80    15.16    62.47    12.06    12.78
   -35.00    60.00    18.72    18.05     3.82    -4.69   -25.91    14.15     4.57     0.67     3.89    14.75    60.10    10.07    10.86
   -35.00    70.00    21.99    21.13     4.85    -5.03   -34.58    16.01     5.98     0.86     5.12    14.45    57.80     8.66     9.49
   -35.00     0.00     0.04    -0.04    -0.73    -3.37    -1.55     0.04     0.00     0.07    -0.07     0.00    75.24 ******** ********
   -35.00   -10.00    -2.98    -3.07    -1.24    -3.17    -2.23    -2.91    -0.16    -0.09    -0.07    56.21    78.00    60.06    60.56
   -35.00   -20.00    -5.98    -6.12    -1.68    -2.96    -4.28    -5.52    -0.60    -0.14    -0.46    23.74    80.83    29.95    30.51
   -35.00   -30.00    -8.98    -9.21    -2.05    -2.73    -7.68    -7.92    -1.30    -0.23    -1.07    17.85    83.74    19.99    20.61
   -35.00   -40.00   -11.99   -12.34    -2.36    -2.47   -12.43   -10.13    -2.20    -0.35    -1.85    15.95    86.74    15.03    15.70
   -35.00   -50.00   -15.00   -15.50    -2.60    -2.18   -18.51   -12.20    -3.30    -0.50    -2.80    15.16    89.83    12.06    12.78
   -35.00   -60.00   -18.05   -18.72    -2.78    -1.87   -25.91   -14.15    -4.57    -0.67    -3.89    14.75    93.02    10.07    10.86
   -35.00   -70.00   -21.13   -21.99    -2.89    -1.54   -34.58   -16.01    -5.98    -0.86    -5.12    14.45    96.32     8.66     9.49
   -40.00     0.00     0.04    -0.04    -0.73    -3.37    -1.55     0.04     0.00     0.07    -0.07     0.00    75.24 ******** ********
   -40.00    10.00     3.07     2.98    -0.15    -3.56    -2.23     2.91     0.16     0.09     0.07    56.21    72.55    60.06    60.56
   -40.00    20.00     6.12     5.98     0.49    -3.75    -4.28     5.52     0.60     0.14     0.46    23.74    69.94    29.95    30.51
   -40.00    30.00     9.21     8.98     1.21    -3.94    -7.68     7.92     1.30     0.23     1.07    17.85    67.38    19.99    20.61
   -40.00    40.00    12.34    11.99     2.00    -4.16   -12.43    10.13     2.20     0.35     1.85    15.95    64.89    15.03    15.70
   -40.00    50.00    15.50    15.00     2.87    -4.40   -18.51    12.20     3.30     0.50     2.80    15.16    62.47    12.06    12.78
   -40.00    60.00    18.72    18.05     3.82    -4.69   -25.91    14.15     4.57     0.67     3.89    14.75    60.10    10.07    10.86
   -40.00    70.00    21.99    21.13     4.85    -5.03   -34.58    16.01     5.98     0.86     5.12    14.45    57.80     8.66     9.49
   -40.00     0.00     0.04    -0.04    -0.73    -3.37    -1.55     0.04     0.00     0.07    -0.07     0.00    75.24 ******** ********
   -40.00   -10.00    -2.98    -3.07    -1.24    -3.17    -2.23    -2.91    -0.16    -0.09    -0.07    56.21    78.00    60.06    60.56
   -40.00   -20.00    -5.98    -6.12    -1.68    -2.96    -4.28    -5.52    -0.60    -0.14    -0.46    23.74    80.83    29.95    30.51
   -40.00   -30.00    -8.98    -9.21    -2.05    -2.73    -7.68    -7.92    -1.30    -0.23    -1.07    17.85    83.74    19.99    20.61
   -40.00   -40.00   -11.99   -12.34    -2.36    -2.47   -12.43   -10.13    -2.20    -0.35    -1.85    15.95    86.74    15.03    15.70
   -40.00   -50.00   -15.00   -15.50    -2.60    -2.18   -18.51   -12.20    -3.30    -0.50    -2.80    15.16    89.83    12.06    12.78
   -40.00   -60.00   -18.05   -18.72    -2.78    -1.87   -25.91   -14.15    -4.57    -0.67    -3.89    14.75    93.02    10.07    10.86
   -40.00   -70.00   -21.13   -21.99    -2.89    -1.54   -34.58   -16.01    -5.98    -0.86    -5.12    14.45    96.32     8.66     9.49
