
  ----------------------------------------------------------------------------------------------------------------------------
  IPGKinematics  Version 3.6.11                                           Model: Querlenker                                   
  ----------------------------------------------------------------------------------------------------------------------------

   Table: Reciprocal Kinematics                                           Demo data                                           

  WhlTraL  WhlTraR    RCLat   RCVert   RCHeig     ToeL     ToeR  CamberL  CamberR  TotRoll  TransZL  TransZR WhlLoadL WhlLoadR
     [mm]     [mm]     [mm]     [mm]     [mm]    [min]    [min]    [deg]    [deg]    [deg]     [mm]     [mm]      [N]      [N]

     0.00     0.00    -0.00     5.45     5.45     0.00     0.00    -1.00    -1.00    -0.00     0.00     0.00   565.35   565.35
     0.00     5.00    37.61     5.21     3.00    -0.39     1.35    -1.00    -1.08    -0.13     0.41     3.97   464.12   811.38
     0.00    10.00   315.01     3.63    -0.76    -0.80     2.87    -1.00    -1.17    -0.25     0.84     7.86   358.77  1078.72
     0.00    15.00  -234.41     6.65     0.12    -1.21     4.54    -1.00    -1.27    -0.38     1.29    11.66   249.59  1366.25
     0.00    20.00  -128.00     6.02    -2.63    -1.64     6.35    -1.00    -1.37    -0.49     1.75    15.38   136.85  1672.95
     0.00    25.00  -101.41     5.83    -4.90    -2.07     8.28    -1.00    -1.48    -0.61     2.22    19.02    20.73  1997.93
     0.00    30.00   -72.72     5.33    -8.52    -1.89    10.17    -1.04    -1.60    -0.66     4.60    22.82     0.00  2284.35
     0.00    35.00   -56.76     4.92   -12.26    -1.52    12.14    -1.09    -1.72    -0.70     7.37    26.61     0.00  2571.45
     0.00    40.00   -47.38     4.57   -15.90    -1.09    14.22    -1.14    -1.85    -0.73    10.13    30.36     0.00  2870.63
     0.00     0.00    -0.00     5.45     5.45     0.00     0.00    -1.00    -1.00    -0.00     0.00     0.00   565.35   565.35
     0.00    -5.00   -13.73     5.56     7.80     0.38    -1.17    -1.00    -0.92     0.13    -0.40    -4.07   662.10   341.90
     0.00   -10.00   -19.81     5.61    10.15     0.74    -2.15    -1.00    -0.86     0.27    -0.77    -8.24   753.90   142.40
     0.00   -15.00   -21.96     5.64    12.05     1.02    -2.77    -1.00    -0.81     0.38    -1.06   -11.68   823.95     0.00
     0.00   -20.00   -21.96     5.64    12.05     1.02    -2.77    -1.00    -0.81     0.38    -1.06   -11.68   823.95     0.00
     0.00   -25.00   -21.96     5.64    12.05     1.02    -2.77    -1.00    -0.81     0.38    -1.06   -11.68   823.95     0.00
     0.00   -30.00   -21.96     5.64    12.05     1.02    -2.77    -1.00    -0.81     0.38    -1.06   -11.68   823.95     0.00
     0.00   -35.00   -21.96     5.64    12.05     1.02    -2.77    -1.00    -0.81     0.38    -1.06   -11.68   823.95     0.00
     0.00   -40.00   -21.96     5.64    12.05     1.02    -2.77    -1.00    -0.81     0.38    -1.06   -11.68   823.95     0.00
     5.00     0.00   -37.61     5.21     3.00     1.35    -0.39    -1.08    -1.00     0.13     3.97     0.41   811.38   464.12
     5.00     5.00     0.00     5.15     0.71     0.97     0.97    -1.08    -1.08     0.00     4.41     4.41   705.89   705.89
     5.00    10.00   -73.90     5.16    -1.47     0.57     2.49    -1.08    -1.18    -0.12     4.85     8.31   596.28   969.30
     5.00    15.00   -62.05     5.11    -3.68     0.16     4.17    -1.08    -1.27    -0.25     5.32    12.12   482.89  1253.16
     5.00    20.00   -59.40     5.07    -5.86    -0.26     5.98    -1.08    -1.38    -0.36     5.79    15.86   365.97  1556.41
     5.00    25.00   -58.30     5.02    -8.00    -0.68     7.92    -1.08    -1.49    -0.48     6.28    19.51   245.74  1878.12
     5.00    30.00   -57.65     4.98   -10.12    -1.11     9.98    -1.08    -1.60    -0.59     6.79    23.09   122.38  2217.44
     5.00    35.00   -56.76     4.92   -12.26    -1.52    12.14    -1.09    -1.72    -0.70     7.37    26.61     0.00  2571.45
     5.00    40.00   -47.38     4.57   -15.90    -1.09    14.22    -1.14    -1.85    -0.73    10.13    30.36     0.00  2870.63
     5.00     0.00   -37.61     5.21     3.00     1.35    -0.39    -1.08    -1.00     0.13     3.97     0.41   811.38   464.12
     5.00    -5.00   -40.74     5.24     5.30     1.73    -1.57    -1.08    -0.92     0.26     3.56    -3.67   912.38   245.34
     5.00   -10.00   -40.33     5.27     7.63     2.09    -2.54    -1.08    -0.85     0.40     3.17    -7.86  1008.39    51.03
     5.00   -15.00   -39.91     5.27     8.30     2.19    -2.78    -1.08    -0.84     0.44     3.06    -9.09  1034.96     0.00
     5.00   -20.00   -39.91     5.27     8.30     2.19    -2.78    -1.08    -0.84     0.44     3.06    -9.09  1034.96     0.00
     5.00   -25.00   -39.91     5.27     8.30     2.19    -2.78    -1.08    -0.84     0.44     3.06    -9.09  1034.96     0.00
     5.00   -30.00   -39.91     5.27     8.30     2.19    -2.78    -1.08    -0.84     0.44     3.06    -9.09  1034.96     0.00
     5.00   -35.00   -39.91     5.27     8.30     2.19    -2.78    -1.08    -0.84     0.44     3.06    -9.09  1034.96     0.00
     5.00   -40.00   -39.91     5.27     8.30     2.19    -2.78    -1.08    -0.84     0.44     3.06    -9.09  1034.96     0.00
    10.00     0.00  -315.01     3.63    -0.76     2.87    -0.80    -1.17    -1.00     0.25     7.86     0.84  1078.72   358.77
    10.00     5.00    73.90     5.16    -1.47     2.49     0.57    -1.18    -1.08     0.12     8.31     4.85   969.30   596.28
    10.00    10.00     0.00     4.83    -4.02     2.10     2.10    -1.18    -1.18    -0.00     8.77     8.77   855.79   855.79
    10.00    15.00   -19.57     4.70    -6.32     1.70     3.78    -1.18    -1.27    -0.12     9.25    12.60   738.54  1136.03
    10.00    20.00   -28.80     4.62    -8.54     1.29     5.61    -1.18    -1.38    -0.24     9.74    16.35   617.83  1435.90
    10.00    25.00   -34.17     4.55   -10.73     0.88     7.56    -1.18    -1.49    -0.35    10.24    20.02   493.88  1754.40
    10.00    30.00   -37.62     4.49   -12.87     0.46     9.63    -1.18    -1.60    -0.47    10.76    23.61   366.88  2090.67
    10.00    35.00   -39.92     4.43   -14.99     0.04    11.81    -1.18    -1.72    -0.58    11.29    27.13   237.01  2443.96
    10.00    40.00   -41.48     4.38   -17.07    -0.39    14.08    -1.19    -1.85    -0.68    11.83    30.59   104.38  2813.57
    10.00     0.00  -315.01     3.63    -0.76     2.87    -0.80    -1.17    -1.00     0.25     7.86     0.84  1078.72   358.77
    10.00    -5.00  -108.74     4.50     2.39     3.24    -1.98    -1.17    -0.92     0.39     7.43    -3.26  1183.66   144.67
    10.00   -10.00   -83.57     4.62     4.26     3.51    -2.73    -1.17    -0.87     0.49     7.12    -6.42  1259.35     0.00
    10.00   -15.00   -83.57     4.62     4.26     3.51    -2.73    -1.17    -0.87     0.49     7.12    -6.42  1259.35     0.00
    10.00   -20.00   -83.57     4.62     4.26     3.51    -2.73    -1.17    -0.87     0.49     7.12    -6.42  1259.35     0.00
    10.00   -25.00   -83.57     4.62     4.26     3.51    -2.73    -1.17    -0.87     0.49     7.12    -6.42  1259.35     0.00
    10.00   -30.00   -83.57     4.62     4.26     3.51    -2.73    -1.17    -0.87     0.49     7.12    -6.42  1259.35     0.00
    10.00   -35.00   -83.57     4.62     4.26     3.51    -2.73    -1.17    -0.87     0.49     7.12    -6.42  1259.35     0.00
    10.00   -40.00   -83.57     4.62     4.26     3.51    -2.73    -1.17    -0.87     0.49     7.12    -6.42  1259.35     0.00
    15.00     0.00   234.41     6.65     0.12     4.54    -1.21    -1.27    -1.00     0.38    11.66     1.29  1366.25   249.59
    15.00     5.00    62.05     5.11    -3.68     4.17     0.16    -1.27    -1.08     0.25    12.12     5.32  1253.16   482.89
    15.00    10.00    19.57     4.70    -6.32     3.78     1.70    -1.27    -1.18     0.12    12.60     9.25  1136.03   738.54
    15.00    15.00    -0.00     4.49    -8.72     3.39     3.39    -1.28    -1.28    -0.00    13.09    13.09  1015.23  1015.23
    15.00    20.00   -11.32     4.35   -11.03     3.00     5.23    -1.28    -1.38    -0.12    13.60    16.85   891.03  1311.77
    15.00    25.00   -18.67     4.23   -13.26     2.59     7.19    -1.28    -1.49    -0.23    14.12    20.53   763.67  1627.15
    15.00    30.00   -23.76     4.14   -15.45     2.19     9.27    -1.28    -1.61    -0.34    14.65    24.14   633.35  1960.46
    15.00    35.00   -27.42     4.06   -17.61     1.78    11.46    -1.29    -1.73    -0.45    15.19    27.67   500.25  2310.91
    15.00    40.00   -30.08     3.98   -19.72     1.37    13.75    -1.29    -1.86    -0.56    15.74    31.14   364.51  2677.80
    15.00     0.00   234.41     6.65     0.12     4.54    -1.21    -1.27    -1.00     0.38    11.66     1.29  1366.25   249.59
    15.00    -5.00  -524.60     0.09    -4.14     4.91    -2.40    -1.27    -0.92     0.51    11.22    -2.84  1474.88    40.18
    15.00   -10.00  -349.91     1.61    -2.14     4.98    -2.61    -1.27    -0.90     0.54    11.13    -3.70  1496.75     0.00
    15.00   -15.00  -349.91     1.61    -2.14     4.98    -2.61    -1.27    -0.90     0.54    11.13    -3.70  1496.75     0.00
    15.00   -20.00  -349.91     1.61    -2.14     4.98    -2.61    -1.27    -0.90     0.54    11.13    -3.70  1496.75     0.00
    15.00   -25.00  -349.91     1.61    -2.14     4.98    -2.61    -1.27    -0.90     0.54    11.13    -3.70  1496.75     0.00
    15.00   -30.00  -349.91     1.61    -2.14     4.98    -2.61    -1.27    -0.90     0.54    11.13    -3.70  1496.75     0.00
    15.00   -35.00  -349.91     1.61    -2.14     4.98    -2.61    -1.27    -0.90     0.54    11.13    -3.70  1496.75     0.00
    15.00   -40.00  -349.91     1.61    -2.14     4.98    -2.61    -1.27    -0.90     0.54    11.13    -3.70  1496.75     0.00
    20.00     0.00   128.00     6.02    -2.63     6.35    -1.64    -1.37    -1.00     0.49    15.38     1.75  1672.95   136.85
    20.00     5.00    59.40     5.07    -5.86     5.98    -0.26    -1.38    -1.08     0.36    15.86     5.79  1556.41   365.97
    20.00    10.00    28.80     4.62    -8.54     5.61     1.29    -1.38    -1.18     0.24    16.35     9.74  1435.90   617.83
    20.00    15.00    11.32     4.35   -11.03     5.23     3.00    -1.38    -1.28     0.12    16.85    13.60  1311.77   891.03
    20.00    20.00    -0.00     4.15   -13.39     4.84     4.84    -1.39    -1.39    -0.00    17.37    17.37  1184.33  1184.33
    20.00    25.00    -7.89     4.00   -15.69     4.45     6.82    -1.39    -1.50    -0.11    17.90    21.06  1053.82  1496.67
    20.00    30.00   -13.64     3.87   -17.92     4.06     8.91    -1.39    -1.62    -0.23    18.44    24.68   920.44  1827.11
    20.00    35.00   -17.94     3.76   -20.11     3.67    11.12    -1.40    -1.74    -0.34    19.00    28.23   784.38  2174.83
    20.00    40.00   -21.20     3.67   -22.26     3.27    13.42    -1.40    -1.86    -0.44    19.56    31.70   645.78  2539.10
    20.00     0.00   128.00     6.02    -2.63     6.35    -1.64    -1.37    -1.00     0.49    15.38     1.75  1672.95   136.85
    20.00    -5.00   254.24     7.71     0.58     6.58    -2.44    -1.37    -0.94     0.58    15.08    -0.95  1746.85     0.00
    20.00   -10.00   254.24     7.71     0.58     6.58    -2.44    -1.37    -0.94     0.58    15.08    -0.95  1746.85     0.00
    20.00   -15.00   254.24     7.71     0.58     6.58    -2.44    -1.37    -0.94     0.58    15.08    -0.95  1746.85     0.00
    20.00   -20.00   254.24     7.71     0.58     6.58    -2.44    -1.37    -0.94     0.58    15.08    -0.95  1746.85     0.00
    20.00   -25.00   254.24     7.71     0.58     6.58    -2.44    -1.37    -0.94     0.58    15.08    -0.95  1746.85     0.00
    20.00   -30.00   254.24     7.71     0.58     6.58    -2.44    -1.37    -0.94     0.58    15.08    -0.95  1746.85     0.00
    20.00   -35.00   254.24     7.71     0.58     6.58    -2.44    -1.37    -0.94     0.58    15.08    -0.95  1746.85     0.00
    20.00   -40.00   254.24     7.71     0.58     6.58    -2.44    -1.37    -0.94     0.58    15.08    -0.95  1746.85     0.00
    25.00     0.00   101.41     5.83    -4.90     8.28    -2.07    -1.48    -1.00     0.61    19.02     2.22  1997.93    20.73
    25.00     5.00    58.30     5.02    -8.00     7.92    -0.68    -1.49    -1.08     0.48    19.51     6.28  1878.12   245.74
    25.00    10.00    34.17     4.55   -10.73     7.56     0.88    -1.49    -1.18     0.35    20.02    10.24  1754.40   493.88
    25.00    15.00    18.67     4.23   -13.26     7.19     2.59    -1.49    -1.28     0.23    20.53    14.12  1627.15   763.67
    25.00    20.00     7.89     4.00   -15.69     6.82     4.45    -1.50    -1.39     0.11    21.06    17.90  1496.67  1053.82
    25.00    25.00     0.00     3.81   -18.03     6.44     6.44    -1.50    -1.50     0.00    21.61    21.61  1363.21  1363.21
    25.00    30.00    -5.96     3.65   -20.30     6.07     8.55    -1.51    -1.62    -0.11    22.16    25.24  1226.99  1690.88
    25.00    35.00   -10.56     3.52   -22.53     5.69    10.77    -1.51    -1.74    -0.22    22.73    28.79  1088.18  2035.96
    25.00    40.00   -14.15     3.41   -24.70     5.31    13.08    -1.52    -1.87    -0.33    23.30    32.28   946.94  2397.72
    25.00     0.00   101.41     5.83    -4.90     8.28    -2.07    -1.48    -1.00     0.61    19.02     2.22  1997.93    20.73
    25.00    -5.00   107.55     5.94    -4.57     8.31    -2.20    -1.48    -0.99     0.62    18.98     1.82  2009.44     0.00
    25.00   -10.00   107.55     5.94    -4.57     8.31    -2.20    -1.48    -0.99     0.62    18.98     1.82  2009.44     0.00
    25.00   -15.00   107.55     5.94    -4.57     8.31    -2.20    -1.48    -0.99     0.62    18.98     1.82  2009.44     0.00
    25.00   -20.00   107.55     5.94    -4.57     8.31    -2.20    -1.48    -0.99     0.62    18.98     1.82  2009.44     0.00
    25.00   -25.00   107.55     5.94    -4.57     8.31    -2.20    -1.48    -0.99     0.62    18.98     1.82  2009.44     0.00
    25.00   -30.00   107.55     5.94    -4.57     8.31    -2.20    -1.48    -0.99     0.62    18.98     1.82  2009.44     0.00
    25.00   -35.00   107.55     5.94    -4.57     8.31    -2.20    -1.48    -0.99     0.62    18.98     1.82  2009.44     0.00
    25.00   -40.00   107.55     5.94    -4.57     8.31    -2.20    -1.48    -0.99     0.62    18.98     1.82  2009.44     0.00
    30.00     0.00    72.72     5.33    -8.52    10.17    -1.89    -1.60    -1.04     0.66    22.82     4.60  2284.35     0.00
    30.00     5.00    57.65     4.98   -10.12     9.98    -1.11    -1.60    -1.08     0.59    23.09     6.79  2217.44   122.38
    30.00    10.00    37.62     4.49   -12.87     9.63     0.46    -1.60    -1.18     0.47    23.61    10.76  2090.67   366.88
    30.00    15.00    23.76     4.14   -15.45     9.27     2.19    -1.61    -1.28     0.34    24.14    14.65  1960.46   633.35
    30.00    20.00    13.64     3.87   -17.92     8.91     4.06    -1.62    -1.39     0.23    24.68    18.44  1827.11   920.44
    30.00    25.00     5.96     3.65   -20.30     8.55     6.07    -1.62    -1.51     0.11    25.24    22.16  1690.88  1226.99
    30.00    30.00     0.00     3.47   -22.62     8.19     8.19    -1.63    -1.63     0.00    25.80    25.80  1551.98  1551.98
    30.00    35.00    -4.70     3.32   -24.87     7.83    10.42    -1.63    -1.75    -0.11    26.38    29.37  1410.59  1894.53
    30.00    40.00    -8.45     3.19   -27.08     7.46    12.75    -1.64    -1.88    -0.22    26.96    32.86  1266.88  2253.87
    30.00     0.00    72.72     5.33    -8.52    10.17    -1.89    -1.60    -1.04     0.66    22.82     4.60  2284.35     0.00
    30.00    -5.00    72.72     5.33    -8.52    10.17    -1.89    -1.60    -1.04     0.66    22.82     4.60  2284.35     0.00
    30.00   -10.00    72.72     5.33    -8.52    10.17    -1.89    -1.60    -1.04     0.66    22.82     4.60  2284.35     0.00
    30.00   -15.00    72.72     5.33    -8.52    10.17    -1.89    -1.60    -1.04     0.66    22.82     4.60  2284.35     0.00
    30.00   -20.00    72.72     5.33    -8.52    10.17    -1.89    -1.60    -1.04     0.66    22.82     4.60  2284.35     0.00
    30.00   -25.00    72.72     5.33    -8.52    10.17    -1.89    -1.60    -1.04     0.66    22.82     4.60  2284.35     0.00
    30.00   -30.00    72.72     5.33    -8.52    10.17    -1.89    -1.60    -1.04     0.66    22.82     4.60  2284.35     0.00
    30.00   -35.00    72.72     5.33    -8.52    10.17    -1.89    -1.60    -1.04     0.66    22.82     4.60  2284.35     0.00
    30.00   -40.00    72.72     5.33    -8.52    10.17    -1.89    -1.60    -1.04     0.66    22.82     4.60  2284.35     0.00
    35.00     0.00    56.76     4.92   -12.26    12.14    -1.52    -1.72    -1.09     0.70    26.61     7.37  2571.45     0.00
    35.00     5.00    56.76     4.92   -12.26    12.14    -1.52    -1.72    -1.09     0.70    26.61     7.37  2571.45     0.00
    35.00    10.00    39.92     4.43   -14.99    11.81     0.04    -1.72    -1.18     0.58    27.13    11.29  2443.96   237.01
    35.00    15.00    27.42     4.06   -17.61    11.46     1.78    -1.73    -1.29     0.45    27.67    15.19  2310.91   500.25
    35.00    20.00    17.94     3.76   -20.11    11.12     3.67    -1.74    -1.40     0.34    28.23    19.00  2174.83   784.38
    35.00    25.00    10.56     3.52   -22.53    10.77     5.69    -1.74    -1.51     0.22    28.79    22.73  2035.96  1088.18
    35.00    30.00     4.70     3.32   -24.87    10.42     7.83    -1.75    -1.63     0.11    29.37    26.38  1894.53  1410.59
    35.00    35.00     0.00     3.15   -27.16    10.07    10.07    -1.76    -1.76     0.00    29.95    29.95  1750.71  1750.71
    35.00    40.00    -3.80     3.00   -29.39     9.73    12.42    -1.77    -1.89    -0.11    30.54    33.45  1604.67  2107.74
    35.00     0.00    56.76     4.92   -12.26    12.14    -1.52    -1.72    -1.09     0.70    26.61     7.37  2571.45     0.00
    35.00    -5.00    56.76     4.92   -12.26    12.14    -1.52    -1.72    -1.09     0.70    26.61     7.37  2571.45     0.00
    35.00   -10.00    56.76     4.92   -12.26    12.14    -1.52    -1.72    -1.09     0.70    26.61     7.37  2571.45     0.00
    35.00   -15.00    56.76     4.92   -12.26    12.14    -1.52    -1.72    -1.09     0.70    26.61     7.37  2571.45     0.00
    35.00   -20.00    56.76     4.92   -12.26    12.14    -1.52    -1.72    -1.09     0.70    26.61     7.37  2571.45     0.00
    35.00   -25.00    56.76     4.92   -12.26    12.14    -1.52    -1.72    -1.09     0.70    26.61     7.37  2571.45     0.00
    35.00   -30.00    56.76     4.92   -12.26    12.14    -1.52    -1.72    -1.09     0.70    26.61     7.37  2571.45     0.00
    35.00   -35.00    56.76     4.92   -12.26    12.14    -1.52    -1.72    -1.09     0.70    26.61     7.37  2571.45     0.00
    35.00   -40.00    56.76     4.92   -12.26    12.14    -1.52    -1.72    -1.09     0.70    26.61     7.37  2571.45     0.00
    40.00     0.00    47.38     4.57   -15.90    14.22    -1.09    -1.85    -1.14     0.73    30.36    10.13  2870.63     0.00
    40.00     5.00    47.38     4.57   -15.90    14.22    -1.09    -1.85    -1.14     0.73    30.36    10.13  2870.63     0.00
    40.00    10.00    41.48     4.38   -17.07    14.08    -0.39    -1.85    -1.19     0.68    30.59    11.83  2813.57   104.38
    40.00    15.00    30.08     3.98   -19.72    13.75     1.37    -1.86    -1.29     0.56    31.14    15.74  2677.80   364.51
    40.00    20.00    21.20     3.67   -22.26    13.42     3.27    -1.86    -1.40     0.44    31.70    19.56  2539.10   645.78
    40.00    25.00    14.15     3.41   -24.70    13.08     5.31    -1.87    -1.52     0.33    32.28    23.30  2397.72   946.94
    40.00    30.00     8.45     3.19   -27.08    12.75     7.46    -1.88    -1.64     0.22    32.86    26.96  2253.87  1266.88
    40.00    35.00     3.80     3.00   -29.39    12.42     9.73    -1.89    -1.77     0.11    33.45    30.54  2107.74  1604.67
    40.00    40.00     0.00     2.84   -31.64    12.09    12.09    -1.90    -1.90     0.00    34.06    34.06  1959.49  1959.49
    40.00     0.00    47.38     4.57   -15.90    14.22    -1.09    -1.85    -1.14     0.73    30.36    10.13  2870.63     0.00
    40.00    -5.00    47.38     4.57   -15.90    14.22    -1.09    -1.85    -1.14     0.73    30.36    10.13  2870.63     0.00
    40.00   -10.00    47.38     4.57   -15.90    14.22    -1.09    -1.85    -1.14     0.73    30.36    10.13  2870.63     0.00
    40.00   -15.00    47.38     4.57   -15.90    14.22    -1.09    -1.85    -1.14     0.73    30.36    10.13  2870.63     0.00
    40.00   -20.00    47.38     4.57   -15.90    14.22    -1.09    -1.85    -1.14     0.73    30.36    10.13  2870.63     0.00
    40.00   -25.00    47.38     4.57   -15.90    14.22    -1.09    -1.85    -1.14     0.73    30.36    10.13  2870.63     0.00
    40.00   -30.00    47.38     4.57   -15.90    14.22    -1.09    -1.85    -1.14     0.73    30.36    10.13  2870.63     0.00
    40.00   -35.00    47.38     4.57   -15.90    14.22    -1.09    -1.85    -1.14     0.73    30.36    10.13  2870.63     0.00
    40.00   -40.00    47.38     4.57   -15.90    14.22    -1.09    -1.85    -1.14     0.73    30.36    10.13  2870.63     0.00
     0.00     0.00    -0.00     5.45     5.45     0.00     0.00    -1.00    -1.00    -0.00     0.00     0.00   565.35   565.35
     0.00     5.00    37.61     5.21     3.00    -0.39     1.35    -1.00    -1.08    -0.13     0.41     3.97   464.12   811.38
     0.00    10.00   315.01     3.63    -0.76    -0.80     2.87    -1.00    -1.17    -0.25     0.84     7.86   358.77  1078.72
     0.00    15.00  -234.41     6.65     0.12    -1.21     4.54    -1.00    -1.27    -0.38     1.29    11.66   249.59  1366.25
     0.00    20.00  -128.00     6.02    -2.63    -1.64     6.35    -1.00    -1.37    -0.49     1.75    15.38   136.85  1672.95
     0.00    25.00  -101.41     5.83    -4.90    -2.07     8.28    -1.00    -1.48    -0.61     2.22    19.02    20.73  1997.93
     0.00    30.00   -72.72     5.33    -8.52    -1.89    10.17    -1.04    -1.60    -0.66     4.60    22.82     0.00  2284.35
     0.00    35.00   -56.76     4.92   -12.26    -1.52    12.14    -1.09    -1.72    -0.70     7.37    26.61     0.00  2571.45
     0.00    40.00   -47.38     4.57   -15.90    -1.09    14.22    -1.14    -1.85    -0.73    10.13    30.36     0.00  2870.63
     0.00     0.00    -0.00     5.45     5.45     0.00     0.00    -1.00    -1.00    -0.00     0.00     0.00   565.35   565.35
     0.00    -5.00   -13.73     5.56     7.80     0.38    -1.17    -1.00    -0.92     0.13    -0.40    -4.07   662.10   341.90
     0.00   -10.00   -19.81     5.61    10.15     0.74    -2.15    -1.00    -0.86     0.27    -0.77    -8.24   753.90   142.40
     0.00   -15.00   -21.96     5.64    12.05     1.02    -2.77    -1.00    -0.81     0.38    -1.06   -11.68   823.95     0.00
     0.00   -20.00   -21.96     5.64    12.05     1.02    -2.77    -1.00    -0.81     0.38    -1.06   -11.68   823.95     0.00
     0.00   -25.00   -21.96     5.64    12.05     1.02    -2.77    -1.00    -0.81     0.38    -1.06   -11.68   823.95     0.00
     0.00   -30.00   -21.96     5.64    12.05     1.02    -2.77    -1.00    -0.81     0.38    -1.06   -11.68   823.95     0.00
     0.00   -35.00   -21.96     5.64    12.05     1.02    -2.77    -1.00    -0.81     0.38    -1.06   -11.68   823.95     0.00
     0.00   -40.00   -21.96     5.64    12.05     1.02    -2.77    -1.00    -0.81     0.38    -1.06   -11.68   823.95     0.00
    -5.00     0.00    13.73     5.56     7.80    -1.17     0.38    -0.92    -1.00    -0.13    -4.07    -0.40   341.90   662.10
    -5.00     5.00    40.74     5.24     5.30    -1.57     1.73    -0.92    -1.08    -0.26    -3.67     3.56   245.34   912.38
    -5.00    10.00   108.74     4.50     2.39    -1.98     3.24    -0.92    -1.17    -0.39    -3.26     7.43   144.67  1183.66
    -5.00    15.00   524.60     0.09    -4.14    -2.40     4.91    -0.92    -1.27    -0.51    -2.84    11.22    40.18  1474.88
    -5.00    20.00  -254.24     7.71     0.58    -2.44     6.58    -0.94    -1.37    -0.58    -0.95    15.08     0.00  1746.85
    -5.00    25.00  -107.55     5.94    -4.57    -2.20     8.31    -0.99    -1.48    -0.62     1.82    18.98     0.00  2009.44
    -5.00    30.00   -72.72     5.33    -8.52    -1.89    10.17    -1.04    -1.60    -0.66     4.60    22.82     0.00  2284.35
    -5.00    35.00   -56.76     4.92   -12.26    -1.52    12.14    -1.09    -1.72    -0.70     7.37    26.61     0.00  2571.45
    -5.00    40.00   -47.38     4.57   -15.90    -1.09    14.22    -1.14    -1.85    -0.73    10.13    30.36     0.00  2870.63
    -5.00     0.00    13.73     5.56     7.80    -1.17     0.38    -0.92    -1.00    -0.13    -4.07    -0.40   341.90   662.10
    -5.00    -5.00    -0.00     5.72    10.20    -0.79    -0.79    -0.93    -0.93    -0.00    -4.45    -4.45   434.01   434.01
    -5.00   -10.00    -7.56     5.83    12.57    -0.43    -1.77    -0.93    -0.86     0.14    -4.80    -8.59   521.24   229.39
    -5.00   -15.00   -11.58     5.88    14.93    -0.09    -2.53    -0.93    -0.80     0.28    -5.14   -12.85   603.08    49.63
    -5.00   -20.00   -12.29     5.89    15.65     0.01    -2.71    -0.93    -0.78     0.32    -5.23   -14.16   626.86     0.00
    -5.00   -25.00   -12.29     5.89    15.65     0.01    -2.71    -0.93    -0.78     0.32    -5.23   -14.16   626.86     0.00
    -5.00   -30.00   -12.29     5.89    15.65     0.01    -2.71    -0.93    -0.78     0.32    -5.23   -14.16   626.86     0.00
    -5.00   -35.00   -12.29     5.89    15.65     0.01    -2.71    -0.93    -0.78     0.32    -5.23   -14.16   626.86     0.00
    -5.00   -40.00   -12.29     5.89    15.65     0.01    -2.71    -0.93    -0.78     0.32    -5.23   -14.16   626.86     0.00
   -10.00     0.00    19.81     5.61    10.15    -2.15     0.74    -0.86    -1.00    -0.27    -8.24    -0.77   142.40   753.90
   -10.00     5.00    40.33     5.27     7.63    -2.54     2.09    -0.85    -1.08    -0.40    -7.86     3.17    51.03  1008.39
   -10.00    10.00    83.57     4.62     4.26    -2.73     3.51    -0.87    -1.17    -0.49    -6.42     7.12     0.00  1259.35
   -10.00    15.00   349.91     1.61    -2.14    -2.61     4.98    -0.90    -1.27    -0.54    -3.70    11.13     0.00  1496.75
   -10.00    20.00  -254.24     7.71     0.58    -2.44     6.58    -0.94    -1.37    -0.58    -0.95    15.08     0.00  1746.85
   -10.00    25.00  -107.55     5.94    -4.57    -2.20     8.31    -0.99    -1.48    -0.62     1.82    18.98     0.00  2009.44
   -10.00    30.00   -72.72     5.33    -8.52    -1.89    10.17    -1.04    -1.60    -0.66     4.60    22.82     0.00  2284.35
   -10.00    35.00   -56.76     4.92   -12.26    -1.52    12.14    -1.09    -1.72    -0.70     7.37    26.61     0.00  2571.45
   -10.00    40.00   -47.38     4.57   -15.90    -1.09    14.22    -1.14    -1.85    -0.73    10.13    30.36     0.00  2870.63
   -10.00     0.00    19.81     5.61    10.15    -2.15     0.74    -0.86    -1.00    -0.27    -8.24    -0.77   142.40   753.90
   -10.00    -5.00     7.56     5.83    12.57    -1.77    -0.43    -0.86    -0.93    -0.14    -8.59    -4.80   229.39   521.24
   -10.00   -10.00     0.00     5.96    14.95    -1.41    -1.41    -0.86    -0.86    -0.00    -8.93    -8.93   311.61   311.61
   -10.00   -15.00    -4.51     6.04    17.31    -1.07    -2.18    -0.86    -0.80     0.14    -9.25   -13.16   388.60   126.28
   -10.00   -20.00    -6.46     6.08    19.15    -0.82    -2.61    -0.86    -0.76     0.25    -9.47   -16.52   444.36     0.00
   -10.00   -25.00    -6.46     6.08    19.15    -0.82    -2.61    -0.86    -0.76     0.25    -9.47   -16.52   444.36     0.00
   -10.00   -30.00    -6.46     6.08    19.15    -0.82    -2.61    -0.86    -0.76     0.25    -9.47   -16.52   444.36     0.00
   -10.00   -35.00    -6.46     6.08    19.15    -0.82    -2.61    -0.86    -0.76     0.25    -9.47   -16.52   444.36     0.00
   -10.00   -40.00    -6.46     6.08    19.15    -0.82    -2.61    -0.86    -0.76     0.25    -9.47   -16.52   444.36     0.00
   -15.00     0.00    21.96     5.64    12.05    -2.77     1.02    -0.81    -1.00    -0.38   -11.68    -1.06     0.00   823.95
   -15.00     5.00    39.91     5.27     8.30    -2.78     2.19    -0.84    -1.08    -0.44    -9.09     3.06     0.00  1034.96
   -15.00    10.00    83.57     4.62     4.26    -2.73     3.51    -0.87    -1.17    -0.49    -6.42     7.12     0.00  1259.35
   -15.00    15.00   349.91     1.61    -2.14    -2.61     4.98    -0.90    -1.27    -0.54    -3.70    11.13     0.00  1496.75
   -15.00    20.00  -254.24     7.71     0.58    -2.44     6.58    -0.94    -1.37    -0.58    -0.95    15.08     0.00  1746.85
   -15.00    25.00  -107.55     5.94    -4.57    -2.20     8.31    -0.99    -1.48    -0.62     1.82    18.98     0.00  2009.44
   -15.00    30.00   -72.72     5.33    -8.52    -1.89    10.17    -1.04    -1.60    -0.66     4.60    22.82     0.00  2284.35
   -15.00    35.00   -56.76     4.92   -12.26    -1.52    12.14    -1.09    -1.72    -0.70     7.37    26.61     0.00  2571.45
   -15.00    40.00   -47.38     4.57   -15.90    -1.09    14.22    -1.14    -1.85    -0.73    10.13    30.36     0.00  2870.63
   -15.00     0.00    21.96     5.64    12.05    -2.77     1.02    -0.81    -1.00    -0.38   -11.68    -1.06     0.00   823.95
   -15.00    -5.00    11.58     5.88    14.93    -2.53    -0.09    -0.80    -0.93    -0.28   -12.85    -5.14    49.63   603.08
   -15.00   -10.00     4.51     6.04    17.31    -2.18    -1.07    -0.80    -0.86    -0.14   -13.16    -9.25   126.28   388.60
   -15.00   -15.00    -0.00     6.15    19.68    -1.85    -1.85    -0.81    -0.81    -0.00   -13.45   -13.45   197.90   197.90
   -15.00   -20.00    -2.53     6.20    22.03    -1.54    -2.39    -0.81    -0.76     0.15   -13.72   -17.77   263.94    32.15
   -15.00   -25.00    -2.84     6.21    22.54    -1.48    -2.48    -0.81    -0.75     0.18   -13.78   -18.70   277.30     0.00
   -15.00   -30.00    -2.84     6.21    22.54    -1.48    -2.48    -0.81    -0.75     0.18   -13.78   -18.70   277.30     0.00
   -15.00   -35.00    -2.84     6.21    22.54    -1.48    -2.48    -0.81    -0.75     0.18   -13.78   -18.70   277.30     0.00
   -15.00   -40.00    -2.84     6.21    22.54    -1.48    -2.48    -0.81    -0.75     0.18   -13.78   -18.70   277.30     0.00
   -20.00     0.00    21.96     5.64    12.05    -2.77     1.02    -0.81    -1.00    -0.38   -11.68    -1.06     0.00   823.95
   -20.00     5.00    39.91     5.27     8.30    -2.78     2.19    -0.84    -1.08    -0.44    -9.09     3.06     0.00  1034.96
   -20.00    10.00    83.57     4.62     4.26    -2.73     3.51    -0.87    -1.17    -0.49    -6.42     7.12     0.00  1259.35
   -20.00    15.00   349.91     1.61    -2.14    -2.61     4.98    -0.90    -1.27    -0.54    -3.70    11.13     0.00  1496.75
   -20.00    20.00  -254.24     7.71     0.58    -2.44     6.58    -0.94    -1.37    -0.58    -0.95    15.08     0.00  1746.85
   -20.00    25.00  -107.55     5.94    -4.57    -2.20     8.31    -0.99    -1.48    -0.62     1.82    18.98     0.00  2009.44
   -20.00    30.00   -72.72     5.33    -8.52    -1.89    10.17    -1.04    -1.60    -0.66     4.60    22.82     0.00  2284.35
   -20.00    35.00   -56.76     4.92   -12.26    -1.52    12.14    -1.09    -1.72    -0.70     7.37    26.61     0.00  2571.45
   -20.00    40.00   -47.38     4.57   -15.90    -1.09    14.22    -1.14    -1.85    -0.73    10.13    30.36     0.00  2870.63
   -20.00     0.00    21.96     5.64    12.05    -2.77     1.02    -0.81    -1.00    -0.38   -11.68    -1.06     0.00   823.95
   -20.00    -5.00    12.29     5.89    15.65    -2.71     0.01    -0.78    -0.93    -0.32   -14.16    -5.23     0.00   626.86
   -20.00   -10.00     6.46     6.08    19.15    -2.61    -0.82    -0.76    -0.86    -0.25   -16.52    -9.47     0.00   444.36
   -20.00   -15.00     2.53     6.20    22.03    -2.39    -1.54    -0.76    -0.81    -0.15   -17.77   -13.72    32.15   263.94
   -20.00   -20.00    -0.00     6.27    24.37    -2.10    -2.10    -0.76    -0.76    -0.00   -18.01   -18.01    92.53    92.53
   -20.00   -25.00    -0.79     6.29    25.81    -1.93    -2.32    -0.76    -0.74     0.09   -18.15   -20.69   126.66     0.00
   -20.00   -30.00    -0.79     6.29    25.81    -1.93    -2.32    -0.76    -0.74     0.09   -18.15   -20.69   126.66     0.00
   -20.00   -35.00    -0.79     6.29    25.81    -1.93    -2.32    -0.76    -0.74     0.09   -18.15   -20.69   126.66     0.00
   -20.00   -40.00    -0.79     6.29    25.81    -1.93    -2.32    -0.76    -0.74     0.09   -18.15   -20.69   126.66     0.00
   -25.00     0.00    21.96     5.64    12.05    -2.77     1.02    -0.81    -1.00    -0.38   -11.68    -1.06     0.00   823.95
   -25.00     5.00    39.91     5.27     8.30    -2.78     2.19    -0.84    -1.08    -0.44    -9.09     3.06     0.00  1034.96
   -25.00    10.00    83.57     4.62     4.26    -2.73     3.51    -0.87    -1.17    -0.49    -6.42     7.12     0.00  1259.35
   -25.00    15.00   349.91     1.61    -2.14    -2.61     4.98    -0.90    -1.27    -0.54    -3.70    11.13     0.00  1496.75
   -25.00    20.00  -254.24     7.71     0.58    -2.44     6.58    -0.94    -1.37    -0.58    -0.95    15.08     0.00  1746.85
   -25.00    25.00  -107.55     5.94    -4.57    -2.20     8.31    -0.99    -1.48    -0.62     1.82    18.98     0.00  2009.44
   -25.00    30.00   -72.72     5.33    -8.52    -1.89    10.17    -1.04    -1.60    -0.66     4.60    22.82     0.00  2284.35
   -25.00    35.00   -56.76     4.92   -12.26    -1.52    12.14    -1.09    -1.72    -0.70     7.37    26.61     0.00  2571.45
   -25.00    40.00   -47.38     4.57   -15.90    -1.09    14.22    -1.14    -1.85    -0.73    10.13    30.36     0.00  2870.63
   -25.00     0.00    21.96     5.64    12.05    -2.77     1.02    -0.81    -1.00    -0.38   -11.68    -1.06     0.00   823.95
   -25.00    -5.00    12.29     5.89    15.65    -2.71     0.01    -0.78    -0.93    -0.32   -14.16    -5.23     0.00   626.86
   -25.00   -10.00     6.46     6.08    19.15    -2.61    -0.82    -0.76    -0.86    -0.25   -16.52    -9.47     0.00   444.36
   -25.00   -15.00     2.84     6.21    22.54    -2.48    -1.48    -0.75    -0.81    -0.18   -18.70   -13.78     0.00   277.30
   -25.00   -20.00     0.79     6.29    25.81    -2.32    -1.93    -0.74    -0.76    -0.09   -20.69   -18.15     0.00   126.66
   -25.00   -25.00    -0.00     6.31    28.78    -2.16    -2.16    -0.73    -0.73    -0.00   -22.37   -22.37     0.00     0.00
   -25.00   -30.00     0.00     6.31    28.78    -2.16    -2.16    -0.73    -0.73    -0.00   -22.37   -22.37     0.00     0.00
   -25.00   -35.00     0.00     6.31    28.78    -2.16    -2.16    -0.73    -0.73    -0.00   -22.37   -22.37     0.00     0.00
   -25.00   -40.00     0.00     6.31    28.78    -2.16    -2.16    -0.73    -0.73    -0.00   -22.37   -22.37     0.00     0.00
   -30.00     0.00    21.96     5.64    12.05    -2.77     1.02    -0.81    -1.00    -0.38   -11.68    -1.06     0.00   823.95
   -30.00     5.00    39.91     5.27     8.30    -2.78     2.19    -0.84    -1.08    -0.44    -9.09     3.06     0.00  1034.96
   -30.00    10.00    83.57     4.62     4.26    -2.73     3.51    -0.87    -1.17    -0.49    -6.42     7.12     0.00  1259.35
   -30.00    15.00   349.91     1.61    -2.14    -2.61     4.98    -0.90    -1.27    -0.54    -3.70    11.13     0.00  1496.75
   -30.00    20.00  -254.24     7.71     0.58    -2.44     6.58    -0.94    -1.37    -0.58    -0.95    15.08     0.00  1746.85
   -30.00    25.00  -107.55     5.94    -4.57    -2.20     8.31    -0.99    -1.48    -0.62     1.82    18.98     0.00  2009.44
   -30.00    30.00   -72.72     5.33    -8.52    -1.89    10.17    -1.04    -1.60    -0.66     4.60    22.82     0.00  2284.35
   -30.00    35.00   -56.76     4.92   -12.26    -1.52    12.14    -1.09    -1.72    -0.70     7.37    26.61     0.00  2571.45
   -30.00    40.00   -47.38     4.57   -15.90    -1.09    14.22    -1.14    -1.85    -0.73    10.13    30.36     0.00  2870.63
   -30.00     0.00    21.96     5.64    12.05    -2.77     1.02    -0.81    -1.00    -0.38   -11.68    -1.06     0.00   823.95
   -30.00    -5.00    12.29     5.89    15.65    -2.71     0.01    -0.78    -0.93    -0.32   -14.16    -5.23     0.00   626.86
   -30.00   -10.00     6.46     6.08    19.15    -2.61    -0.82    -0.76    -0.86    -0.25   -16.52    -9.47     0.00   444.36
   -30.00   -15.00     2.84     6.21    22.54    -2.48    -1.48    -0.75    -0.81    -0.18   -18.70   -13.78     0.00   277.30
   -30.00   -20.00     0.79     6.29    25.81    -2.32    -1.93    -0.74    -0.76    -0.09   -20.69   -18.15     0.00   126.66
   -30.00   -25.00    -0.00     6.31    28.78    -2.16    -2.16    -0.73    -0.73    -0.00   -22.37   -22.37     0.00     0.00
   -30.00   -30.00     0.00     6.31    28.78    -2.16    -2.16    -0.73    -0.73    -0.00   -22.37   -22.37     0.00     0.00
   -30.00   -35.00     0.00     6.31    28.78    -2.16    -2.16    -0.73    -0.73    -0.00   -22.37   -22.37     0.00     0.00
   -30.00   -40.00     0.00     6.31    28.78    -2.16    -2.16    -0.73    -0.73    -0.00   -22.37   -22.37     0.00     0.00
   -35.00     0.00    21.96     5.64    12.05    -2.77     1.02    -0.81    -1.00    -0.38   -11.68    -1.06     0.00   823.95
   -35.00     5.00    39.91     5.27     8.30    -2.78     2.19    -0.84    -1.08    -0.44    -9.09     3.06     0.00  1034.96
   -35.00    10.00    83.57     4.62     4.26    -2.73     3.51    -0.87    -1.17    -0.49    -6.42     7.12     0.00  1259.35
   -35.00    15.00   349.91     1.61    -2.14    -2.61     4.98    -0.90    -1.27    -0.54    -3.70    11.13     0.00  1496.75
   -35.00    20.00  -254.24     7.71     0.58    -2.44     6.58    -0.94    -1.37    -0.58    -0.95    15.08     0.00  1746.85
   -35.00    25.00  -107.55     5.94    -4.57    -2.20     8.31    -0.99    -1.48    -0.62     1.82    18.98     0.00  2009.44
   -35.00    30.00   -72.72     5.33    -8.52    -1.89    10.17    -1.04    -1.60    -0.66     4.60    22.82     0.00  2284.35
   -35.00    35.00   -56.76     4.92   -12.26    -1.52    12.14    -1.09    -1.72    -0.70     7.37    26.61     0.00  2571.45
   -35.00    40.00   -47.38     4.57   -15.90    -1.09    14.22    -1.14    -1.85    -0.73    10.13    30.36     0.00  2870.63
   -35.00     0.00    21.96     5.64    12.05    -2.77     1.02    -0.81    -1.00    -0.38   -11.68    -1.06     0.00   823.95
   -35.00    -5.00    12.29     5.89    15.65    -2.71     0.01    -0.78    -0.93    -0.32   -14.16    -5.23     0.00   626.86
   -35.00   -10.00     6.46     6.08    19.15    -2.61    -0.82    -0.76    -0.86    -0.25   -16.52    -9.47     0.00   444.36
   -35.00   -15.00     2.84     6.21    22.54    -2.48    -1.48    -0.75    -0.81    -0.18   -18.70   -13.78     0.00   277.30
   -35.00   -20.00     0.79     6.29    25.81    -2.32    -1.93    -0.74    -0.76    -0.09   -20.69   -18.15     0.00   126.66
   -35.00   -25.00    -0.00     6.31    28.78    -2.16    -2.16    -0.73    -0.73    -0.00   -22.37   -22.37     0.00     0.00
   -35.00   -30.00     0.00     6.31    28.78    -2.16    -2.16    -0.73    -0.73    -0.00   -22.37   -22.37     0.00     0.00
   -35.00   -35.00     0.00     6.31    28.78    -2.16    -2.16    -0.73    -0.73    -0.00   -22.37   -22.37     0.00     0.00
   -35.00   -40.00     0.00     6.31    28.78    -2.16    -2.16    -0.73    -0.73    -0.00   -22.37   -22.37     0.00     0.00
   -40.00     0.00    21.96     5.64    12.05    -2.77     1.02    -0.81    -1.00    -0.38   -11.68    -1.06     0.00   823.95
   -40.00     5.00    39.91     5.27     8.30    -2.78     2.19    -0.84    -1.08    -0.44    -9.09     3.06     0.00  1034.96
   -40.00    10.00    83.57     4.62     4.26    -2.73     3.51    -0.87    -1.17    -0.49    -6.42     7.12     0.00  1259.35
   -40.00    15.00   349.91     1.61    -2.14    -2.61     4.98    -0.90    -1.27    -0.54    -3.70    11.13     0.00  1496.75
   -40.00    20.00  -254.24     7.71     0.58    -2.44     6.58    -0.94    -1.37    -0.58    -0.95    15.08     0.00  1746.85
   -40.00    25.00  -107.55     5.94    -4.57    -2.20     8.31    -0.99    -1.48    -0.62     1.82    18.98     0.00  2009.44
   -40.00    30.00   -72.72     5.33    -8.52    -1.89    10.17    -1.04    -1.60    -0.66     4.60    22.82     0.00  2284.35
   -40.00    35.00   -56.76     4.92   -12.26    -1.52    12.14    -1.09    -1.72    -0.70     7.37    26.61     0.00  2571.45
   -40.00    40.00   -47.38     4.57   -15.90    -1.09    14.22    -1.14    -1.85    -0.73    10.13    30.36     0.00  2870.63
   -40.00     0.00    21.96     5.64    12.05    -2.77     1.02    -0.81    -1.00    -0.38   -11.68    -1.06     0.00   823.95
   -40.00    -5.00    12.29     5.89    15.65    -2.71     0.01    -0.78    -0.93    -0.32   -14.16    -5.23     0.00   626.86
   -40.00   -10.00     6.46     6.08    19.15    -2.61    -0.82    -0.76    -0.86    -0.25   -16.52    -9.47     0.00   444.36
   -40.00   -15.00     2.84     6.21    22.54    -2.48    -1.48    -0.75    -0.81    -0.18   -18.70   -13.78     0.00   277.30
   -40.00   -20.00     0.79     6.29    25.81    -2.32    -1.93    -0.74    -0.76    -0.09   -20.69   -18.15     0.00   126.66
   -40.00   -25.00    -0.00     6.31    28.78    -2.16    -2.16    -0.73    -0.73    -0.00   -22.37   -22.37     0.00     0.00
   -40.00   -30.00     0.00     6.31    28.78    -2.16    -2.16    -0.73    -0.73    -0.00   -22.37   -22.37     0.00     0.00
   -40.00   -35.00     0.00     6.31    28.78    -2.16    -2.16    -0.73    -0.73    -0.00   -22.37   -22.37     0.00     0.00
   -40.00   -40.00     0.00     6.31    28.78    -2.16    -2.16    -0.73    -0.73    -0.00   -22.37   -22.37     0.00     0.00
