
  ----------------------------------------------------------------------------------------------------------------------------
  IPGKinematics  Version 3.6.11                                           Model: Querlenker                                   
  ----------------------------------------------------------------------------------------------------------------------------

   Table: Compliance - Force Y at Wheel Center                            Demo data                                           

   WhTra  ForceY_L ForceY_R   TraX_L   TraX_R   TraY_L   TraY_R   TraZ_L   TraZ_R   RotX_L   RotX_R   RotY_L   RotY_R   RotZ_L   RotZ_R WhlLoadL WhlLoadR
     [mm]      [N]      [N]     [mm]     [mm]     [mm]     [mm]     [mm]     [mm]    [deg]    [deg]    [deg]    [deg]    [deg]    [deg]      [N]      [N]

     0.00  1000.00     0.00    -0.09     0.00     0.09    -0.00    -0.22    -0.04     4.99    -5.00     0.00     0.00     0.03     0.00   615.20   569.05
     0.00 -1000.00     0.00     0.09    -0.00    -0.09     0.00     0.23     0.04     5.01    -5.00    -0.00    -0.00    -0.03    -0.00   503.51   550.69
     0.00     0.00  1000.00    -0.00     0.09    -0.00     0.09     0.04     0.23     5.00    -5.01    -0.00    -0.00     0.00     0.03   550.69   503.51
     0.00     0.00 -1000.00     0.00    -0.09     0.00    -0.09    -0.04    -0.22     5.00    -4.99     0.00     0.00    -0.00    -0.03   569.05   615.20
     5.00  1000.00     0.00    -0.38    -0.28    -0.26     0.36     4.13     4.36     5.08    -5.08    -0.07    -0.07     0.02     0.01   767.24   711.87
     5.00 -1000.00     0.00    -0.19    -0.29    -0.46     0.37     4.68     4.45     5.09    -5.08    -0.07    -0.07    -0.05     0.01   632.37   688.92
     5.00     0.00  1000.00    -0.29    -0.19    -0.37     0.46     4.45     4.68     5.08    -5.09    -0.07    -0.07    -0.01     0.05   688.92   632.37
     5.00     0.00 -1000.00    -0.28    -0.38    -0.36     0.26     4.36     4.13     5.08    -5.08    -0.07    -0.07    -0.01    -0.02   711.87   767.24
    10.00  1000.00     0.00    -0.65    -0.56    -0.68     0.78     8.45     8.71     5.17    -5.18    -0.13    -0.13     0.01     0.03   928.04   864.18
    10.00 -1000.00     0.00    -0.47    -0.56    -0.90     0.80     9.09     8.83     5.19    -5.18    -0.14    -0.14    -0.06     0.02   771.25   836.41
    10.00     0.00  1000.00    -0.56    -0.47    -0.80     0.90     8.83     9.09     5.18    -5.19    -0.14    -0.14    -0.02     0.06   836.41   771.25
    10.00     0.00 -1000.00    -0.56    -0.65    -0.78     0.68     8.71     8.45     5.18    -5.17    -0.13    -0.13    -0.03    -0.01   864.18   928.04
    15.00  1000.00     0.00    -0.92    -0.83    -1.17     1.28    12.73    13.02     5.27    -5.28    -0.19    -0.20    -0.01     0.04  1097.79  1026.12
    15.00 -1000.00     0.00    -0.75    -0.84    -1.41     1.30    13.45    13.16     5.29    -5.28    -0.20    -0.20    -0.08     0.04   920.27   993.33
    15.00     0.00  1000.00    -0.84    -0.75    -1.30     1.41    13.16    13.45     5.28    -5.29    -0.20    -0.20    -0.04     0.08   993.33   920.27
    15.00     0.00 -1000.00    -0.83    -0.92    -1.28     1.17    13.02    12.73     5.28    -5.27    -0.20    -0.19    -0.04     0.01  1026.12  1097.79
    20.00  1000.00     0.00    -1.18    -1.09    -1.72     1.83    16.98    17.29     5.37    -5.39    -0.25    -0.26    -0.03     0.06  1276.67  1197.81
    20.00 -1000.00     0.00    -1.02    -1.10    -1.98     1.86    17.77    17.45     5.40    -5.39    -0.26    -0.26    -0.10     0.06  1079.51  1159.84
    20.00     0.00  1000.00    -1.10    -1.02    -1.86     1.98    17.45    17.77     5.39    -5.40    -0.26    -0.26    -0.06     0.10  1159.84  1079.51
    20.00     0.00 -1000.00    -1.09    -1.18    -1.83     1.72    17.29    16.98     5.39    -5.37    -0.26    -0.25    -0.06     0.03  1197.81  1276.67
    25.00  1000.00     0.00    -1.43    -1.35    -2.33     2.45    21.17    21.52     5.49    -5.50    -0.31    -0.31    -0.05     0.09  1464.85  1379.32
    25.00 -1000.00     0.00    -1.28    -1.36    -2.61     2.49    22.05    21.70     5.52    -5.50    -0.32    -0.32    -0.12     0.08  1249.04  1336.10
    25.00     0.00  1000.00    -1.36    -1.28    -2.49     2.61    21.70    22.05     5.50    -5.52    -0.32    -0.32    -0.08     0.12  1336.10  1249.04
    25.00     0.00 -1000.00    -1.35    -1.43    -2.45     2.33    21.52    21.17     5.50    -5.49    -0.31    -0.31    -0.09     0.05  1379.32  1464.85
    30.00  1000.00     0.00    -1.68    -1.60    -3.00     3.13    25.33    25.70     5.61    -5.63    -0.37    -0.37    -0.08     0.11  1662.44  1570.76
    30.00 -1000.00     0.00    -1.53    -1.61    -3.30     3.17    26.28    25.90     5.64    -5.63    -0.37    -0.37    -0.15     0.11  1428.95  1522.20
    30.00     0.00  1000.00    -1.61    -1.53    -3.17     3.30    25.90    26.28     5.63    -5.64    -0.37    -0.37    -0.11     0.15  1522.20  1428.95
    30.00     0.00 -1000.00    -1.60    -1.68    -3.13     3.00    25.70    25.33     5.63    -5.61    -0.37    -0.37    -0.11     0.08  1570.76  1662.44
    35.00  1000.00     0.00    -1.92    -1.85    -3.72     3.86    29.45    29.84     5.74    -5.76    -0.42    -0.42    -0.10     0.14  1869.56  1772.18
    35.00 -1000.00     0.00    -1.78    -1.85    -4.05     3.91    30.46    30.06     5.78    -5.76    -0.43    -0.43    -0.17     0.14  1619.27  1718.26
    35.00     0.00  1000.00    -1.85    -1.78    -3.91     4.05    30.06    30.46     5.76    -5.78    -0.43    -0.43    -0.14     0.17  1718.26  1619.27
    35.00     0.00 -1000.00    -1.85    -1.92    -3.86     3.72    29.84    29.45     5.76    -5.74    -0.42    -0.42    -0.14     0.10  1772.18  1869.56
    40.00  1000.00     0.00    -2.16    -2.08    -4.50     4.65    33.52    33.94     5.88    -5.90    -0.46    -0.46    -0.13     0.17  2086.31  1983.66
    40.00 -1000.00     0.00    -2.02    -2.09    -4.86     4.71    34.60    34.18     5.92    -5.90    -0.47    -0.47    -0.21     0.17  1820.08  1924.35
    40.00     0.00  1000.00    -2.09    -2.02    -4.71     4.86    34.18    34.60     5.90    -5.92    -0.47    -0.47    -0.17     0.21  1924.35  1820.08
    40.00     0.00 -1000.00    -2.08    -2.16    -4.65     4.50    33.94    33.52     5.90    -5.88    -0.46    -0.46    -0.17     0.13  1983.66  2086.31
    -5.00  1000.00     0.00     0.19     0.29     0.38    -0.29    -4.62    -4.47     4.92    -4.93     0.07     0.07     0.04    -0.01   471.68   435.57
    -5.00 -1000.00     0.00     0.39     0.29     0.20    -0.29    -4.27    -4.42     4.93    -4.93     0.07     0.07    -0.03    -0.01   384.54   421.49
    -5.00     0.00  1000.00     0.29     0.39     0.29    -0.20    -4.42    -4.27     4.93    -4.93     0.07     0.07     0.01     0.03   421.49   384.54
    -5.00     0.00 -1000.00     0.29     0.19     0.29    -0.38    -4.47    -4.62     4.93    -4.92     0.07     0.07     0.01    -0.04   435.57   471.68
   -10.00  1000.00     0.00     0.49     0.59     0.59    -0.51    -9.05    -8.95     4.86    -4.86     0.15     0.15     0.05    -0.01   336.38   311.25
   -10.00 -1000.00     0.00     0.70     0.59     0.43    -0.51    -8.81    -8.91     4.86    -4.86     0.15     0.15    -0.02    -0.01   275.31   301.05
   -10.00     0.00  1000.00     0.59     0.70     0.51    -0.43    -8.91    -8.81     4.86    -4.86     0.15     0.15     0.01     0.02   301.05   275.31
   -10.00     0.00 -1000.00     0.59     0.49     0.51    -0.59    -8.95    -9.05     4.86    -4.86     0.15     0.15     0.01    -0.05   311.25   336.38
   -15.00  1000.00     0.00     0.79     0.90     0.73    -0.65   -13.52   -13.47     4.80    -4.81     0.23     0.23     0.05    -0.01   208.97   195.84
   -15.00 -1000.00     0.00     1.01     0.90     0.57    -0.65   -13.39   -13.44     4.81    -4.81     0.23     0.23    -0.02    -0.02   175.59   189.05
   -15.00     0.00  1000.00     0.90     1.01     0.65    -0.57   -13.44   -13.39     4.81    -4.81     0.23     0.23     0.02     0.02   189.05   175.59
   -15.00     0.00 -1000.00     0.90     0.79     0.65    -0.73   -13.47   -13.52     4.81    -4.80     0.23     0.23     0.01    -0.05   195.84   208.97
   -20.00  1000.00     0.00     1.10     1.22     0.78    -0.71   -18.02   -18.02     4.76    -4.76     0.31     0.31     0.05    -0.01    89.05    89.04
   -20.00 -1000.00     0.00     1.33     1.22     0.63    -0.71   -18.01   -18.01     4.76    -4.76     0.31     0.31    -0.02    -0.01    85.12    85.11
   -20.00     0.00  1000.00     1.22     1.33     0.71    -0.63   -18.01   -18.01     4.76    -4.76     0.31     0.31     0.01     0.02    85.11    85.12
   -20.00     0.00 -1000.00     1.22     1.10     0.71    -0.78   -18.02   -18.02     4.76    -4.76     0.31     0.31     0.01    -0.05    89.04    89.05
   -25.00  1000.00     0.00     1.36     1.50     0.77    -0.69   -21.70   -22.00     4.73    -4.73     0.37     0.38     0.05    -0.01     0.00     0.00
   -25.00 -1000.00     0.00     1.66     1.51     0.61    -0.69   -22.64   -22.25     4.73    -4.73     0.40     0.39    -0.03    -0.01     0.00     0.00
   -25.00     0.00  1000.00     1.51     1.66     0.69    -0.61   -22.25   -22.64     4.73    -4.73     0.39     0.40     0.01     0.03     0.00     0.00
   -25.00     0.00 -1000.00     1.50     1.36     0.69    -0.77   -22.00   -21.70     4.73    -4.73     0.38     0.37     0.01    -0.05     0.00     0.00
   -30.00  1000.00     0.00     1.36     1.50     0.77    -0.69   -21.70   -22.00     4.73    -4.73     0.37     0.38     0.05    -0.01     0.00     0.00
   -30.00 -1000.00     0.00     1.66     1.51     0.61    -0.69   -22.64   -22.25     4.73    -4.73     0.40     0.39    -0.03    -0.01     0.00     0.00
   -30.00     0.00  1000.00     1.51     1.66     0.69    -0.61   -22.25   -22.64     4.73    -4.73     0.39     0.40     0.01     0.03     0.00     0.00
   -30.00     0.00 -1000.00     1.50     1.36     0.69    -0.77   -22.00   -21.70     4.73    -4.73     0.38     0.37     0.01    -0.05     0.00     0.00
   -35.00  1000.00     0.00     1.36     1.50     0.77    -0.69   -21.70   -22.00     4.73    -4.73     0.37     0.38     0.05    -0.01     0.00     0.00
   -35.00 -1000.00     0.00     1.66     1.51     0.61    -0.69   -22.64   -22.25     4.73    -4.73     0.40     0.39    -0.03    -0.01     0.00     0.00
   -35.00     0.00  1000.00     1.51     1.66     0.69    -0.61   -22.25   -22.64     4.73    -4.73     0.39     0.40     0.01     0.03     0.00     0.00
   -35.00     0.00 -1000.00     1.50     1.36     0.69    -0.77   -22.00   -21.70     4.73    -4.73     0.38     0.37     0.01    -0.05     0.00     0.00
   -40.00  1000.00     0.00     1.36     1.50     0.77    -0.69   -21.70   -22.00     4.73    -4.73     0.37     0.38     0.05    -0.01     0.00     0.00
   -40.00 -1000.00     0.00     1.66     1.51     0.61    -0.69   -22.64   -22.25     4.73    -4.73     0.40     0.39    -0.03    -0.01     0.00     0.00
   -40.00     0.00  1000.00     1.51     1.66     0.69    -0.61   -22.25   -22.64     4.73    -4.73     0.39     0.40     0.01     0.03     0.00     0.00
   -40.00     0.00 -1000.00     1.50     1.36     0.69    -0.77   -22.00   -21.70     4.73    -4.73     0.38     0.37     0.01    -0.05     0.00     0.00
