
  ----------------------------------------------------------------------------------------------------------------------------
  IPGKinematics  Version 3.6.11                                           Model: Querlenker                                   
  ----------------------------------------------------------------------------------------------------------------------------

   Table: Compliance - Torque X at Wheel Center                           Demo data                                           

   WhTra  TorquX_L TorquX_R   TraX_L   TraX_R   TraY_L   TraY_R   TraZ_L   TraZ_R   RotX_L   RotX_R   RotY_L   RotY_R   RotZ_L   RotZ_R WhlLoadL WhlLoadR
     [mm]     [Nm]     [Nm]     [mm]     [mm]     [mm]     [mm]     [mm]     [mm]    [deg]    [deg]    [deg]    [deg]    [deg]    [deg]      [N]      [N]

     0.00   100.00     0.00     0.02     0.00    -0.01    -0.00     0.11    -0.00     5.02    -5.00     0.02     0.00    -0.04     0.00   532.21   560.21
     0.00  -100.00     0.00    -0.02    -0.00     0.01     0.00    -0.11     0.00     4.98    -5.00    -0.02    -0.00     0.04    -0.00   587.65   559.70
     0.00     0.00   100.00    -0.00    -0.02    -0.00    -0.01     0.00    -0.11     5.00    -4.98    -0.00    -0.02     0.00    -0.04   559.70   587.65
     0.00     0.00  -100.00     0.00     0.02     0.00     0.01    -0.00     0.11     5.00    -5.02     0.00     0.02    -0.00     0.04   560.21   532.21
     5.00   100.00     0.00    -0.26    -0.28    -0.37     0.36     4.52     4.41     5.10    -5.08    -0.05    -0.07    -0.05     0.01   669.99   700.44
     5.00  -100.00     0.00    -0.31    -0.28    -0.35     0.36     4.29     4.40     5.06    -5.08    -0.09    -0.07     0.02     0.01   730.96   700.57
     5.00     0.00   100.00    -0.28    -0.31    -0.36     0.35     4.40     4.29     5.08    -5.06    -0.07    -0.09    -0.01    -0.02   700.57   730.96
     5.00     0.00  -100.00    -0.28    -0.26    -0.36     0.37     4.41     4.52     5.08    -5.10    -0.07    -0.05    -0.01     0.05   700.44   669.99
    10.00   100.00     0.00    -0.54    -0.56    -0.81     0.79     8.90     8.77     5.20    -5.18    -0.11    -0.14    -0.06     0.03   817.31   850.00
    10.00  -100.00     0.00    -0.58    -0.56    -0.78     0.79     8.64     8.77     5.15    -5.18    -0.16    -0.14     0.01     0.03   883.48   850.86
    10.00     0.00   100.00    -0.56    -0.58    -0.79     0.78     8.77     8.64     5.18    -5.15    -0.14    -0.16    -0.03    -0.01   850.86   883.48
    10.00     0.00  -100.00    -0.56    -0.54    -0.79     0.81     8.77     8.90     5.18    -5.20    -0.14    -0.11    -0.03     0.06   850.00   817.31
    15.00   100.00     0.00    -0.81    -0.83    -1.31     1.29    13.23    13.09     5.30    -5.28    -0.17    -0.20    -0.08     0.04   974.32  1009.06
    15.00  -100.00     0.00    -0.85    -0.83    -1.27     1.29    12.95    13.09     5.26    -5.28    -0.22    -0.20    -0.01     0.04  1045.38  1010.71
    15.00     0.00   100.00    -0.83    -0.85    -1.29     1.27    13.09    12.95     5.28    -5.26    -0.20    -0.22    -0.04     0.01  1010.71  1045.38
    15.00     0.00  -100.00    -0.83    -0.81    -1.29     1.31    13.09    13.23     5.28    -5.30    -0.20    -0.17    -0.04     0.08  1009.06   974.32
    20.00   100.00     0.00    -1.08    -1.10    -1.87     1.85    17.52    17.38     5.41    -5.39    -0.24    -0.26    -0.10     0.06  1141.13  1177.75
    20.00  -100.00     0.00    -1.12    -1.10    -1.82     1.85    17.22    17.37     5.36    -5.39    -0.28    -0.26    -0.03     0.06  1216.81  1180.27
    20.00     0.00   100.00    -1.10    -1.12    -1.85     1.82    17.37    17.22     5.39    -5.36    -0.26    -0.28    -0.06     0.03  1180.27  1216.81
    20.00     0.00  -100.00    -1.10    -1.08    -1.85     1.87    17.38    17.52     5.39    -5.41    -0.26    -0.24    -0.06     0.10  1177.75  1141.13
    25.00   100.00     0.00    -1.34    -1.35    -2.49     2.47    21.76    21.61     5.52    -5.50    -0.29    -0.32    -0.12     0.09  1317.85  1356.21
    25.00  -100.00     0.00    -1.37    -1.35    -2.44     2.47    21.45    21.60     5.48    -5.50    -0.34    -0.32    -0.05     0.09  1397.90  1359.63
    25.00     0.00   100.00    -1.35    -1.37    -2.47     2.44    21.60    21.45     5.50    -5.48    -0.32    -0.34    -0.09     0.05  1359.63  1397.90
    25.00     0.00  -100.00    -1.35    -1.34    -2.47     2.49    21.61    21.76     5.50    -5.52    -0.32    -0.29    -0.09     0.12  1356.21  1317.85
    30.00   100.00     0.00    -1.59    -1.60    -3.18     3.15    25.97    25.81     5.65    -5.63    -0.35    -0.37    -0.15     0.11  1504.57  1544.52
    30.00  -100.00     0.00    -1.62    -1.60    -3.12     3.15    25.63    25.79     5.60    -5.63    -0.39    -0.37    -0.08     0.11  1588.76  1548.90
    30.00     0.00   100.00    -1.60    -1.62    -3.15     3.12    25.79    25.63     5.63    -5.60    -0.37    -0.39    -0.11     0.08  1548.90  1588.76
    30.00     0.00  -100.00    -1.60    -1.59    -3.15     3.18    25.81    25.97     5.63    -5.65    -0.37    -0.35    -0.11     0.15  1544.52  1504.57
    35.00   100.00     0.00    -1.83    -1.85    -3.92     3.89    30.12    29.96     5.78    -5.76    -0.40    -0.42    -0.17     0.14  1701.36  1742.80
    35.00  -100.00     0.00    -1.87    -1.85    -3.85     3.88    29.78    29.94     5.73    -5.76    -0.44    -0.42    -0.10     0.14  1789.49  1748.15
    35.00     0.00   100.00    -1.85    -1.87    -3.88     3.85    29.94    29.78     5.76    -5.73    -0.42    -0.44    -0.14     0.10  1748.15  1789.49
    35.00     0.00  -100.00    -1.85    -1.83    -3.89     3.92    29.96    30.12     5.76    -5.78    -0.42    -0.40    -0.14     0.17  1742.80  1701.36
    40.00   100.00     0.00    -2.07    -2.09    -4.72     4.68    34.24    34.07     5.92    -5.90    -0.45    -0.47    -0.20     0.17  1908.30  1951.11
    40.00  -100.00     0.00    -2.10    -2.09    -4.64     4.68    33.87    34.04     5.87    -5.90    -0.49    -0.47    -0.13     0.17  2000.17  1957.46
    40.00     0.00   100.00    -2.09    -2.10    -4.68     4.64    34.04    33.87     5.90    -5.87    -0.47    -0.49    -0.17     0.13  1957.46  2000.17
    40.00     0.00  -100.00    -2.09    -2.07    -4.68     4.72    34.07    34.24     5.90    -5.92    -0.47    -0.45    -0.17     0.20  1951.11  1908.30
    -5.00   100.00     0.00     0.32     0.29     0.28    -0.29    -4.35    -4.45     4.95    -4.93     0.10     0.07    -0.03    -0.01   403.80   429.12
    -5.00  -100.00     0.00     0.27     0.29     0.30    -0.29    -4.54    -4.44     4.91    -4.93     0.05     0.07     0.04    -0.01   453.35   428.07
    -5.00     0.00   100.00     0.29     0.27     0.29    -0.30    -4.44    -4.54     4.93    -4.91     0.07     0.05     0.01    -0.04   428.07   453.35
    -5.00     0.00  -100.00     0.29     0.32     0.29    -0.28    -4.45    -4.35     4.93    -4.95     0.07     0.10     0.01     0.03   429.12   403.80
   -10.00   100.00     0.00     0.62     0.59     0.50    -0.51    -8.85    -8.93     4.88    -4.86     0.17     0.15    -0.02    -0.01   284.55   306.92
   -10.00  -100.00     0.00     0.57     0.59     0.51    -0.51    -9.01    -8.93     4.84    -4.86     0.12     0.15     0.05    -0.01   327.80   305.45
   -10.00     0.00   100.00     0.59     0.57     0.51    -0.51    -8.93    -9.01     4.86    -4.84     0.15     0.12     0.01    -0.05   305.45   327.80
   -10.00     0.00  -100.00     0.59     0.62     0.51    -0.50    -8.93    -8.85     4.86    -4.88     0.15     0.17     0.01     0.02   306.92   284.55
   -15.00   100.00     0.00     0.93     0.90     0.64    -0.65   -13.38   -13.46     4.83    -4.81     0.25     0.23    -0.02    -0.01   174.21   193.34
   -15.00  -100.00     0.00     0.87     0.90     0.65    -0.65   -13.52   -13.45     4.79    -4.81     0.20     0.23     0.05    -0.02   210.72   191.59
   -15.00     0.00   100.00     0.90     0.87     0.65    -0.65   -13.45   -13.52     4.81    -4.79     0.23     0.20     0.02    -0.05   191.59   210.72
   -15.00     0.00  -100.00     0.90     0.93     0.65    -0.64   -13.46   -13.38     4.81    -4.83     0.23     0.25     0.01     0.02   193.34   174.21
   -20.00   100.00     0.00     1.24     1.22     0.70    -0.71   -17.96   -18.02     4.78    -4.76     0.33     0.31    -0.02    -0.01    72.46    88.01
   -20.00  -100.00     0.00     1.19     1.22     0.71    -0.71   -18.07   -18.01     4.74    -4.76     0.28     0.31     0.05    -0.01   101.72    86.14
   -20.00     0.00   100.00     1.22     1.19     0.71    -0.71   -18.01   -18.07     4.76    -4.74     0.31     0.28     0.01    -0.05    86.14   101.72
   -20.00     0.00  -100.00     1.22     1.24     0.71    -0.70   -18.02   -17.96     4.76    -4.78     0.31     0.33     0.01     0.02    88.01    72.46
   -25.00   100.00     0.00     1.50     1.50     0.69    -0.69   -21.66   -21.98     4.75    -4.73     0.40     0.38    -0.03    -0.01     0.00     0.00
   -25.00  -100.00     0.00     1.50     1.51     0.69    -0.69   -22.52   -22.21     4.71    -4.73     0.36     0.39     0.05    -0.01     0.00     0.00
   -25.00     0.00   100.00     1.51     1.50     0.69    -0.69   -22.21   -22.52     4.73    -4.71     0.39     0.36     0.01    -0.05     0.00     0.00
   -25.00     0.00  -100.00     1.50     1.50     0.69    -0.69   -21.98   -21.66     4.73    -4.75     0.38     0.40     0.01     0.03     0.00     0.00
   -30.00   100.00     0.00     1.50     1.50     0.69    -0.69   -21.66   -21.98     4.75    -4.73     0.40     0.38    -0.03    -0.01     0.00     0.00
   -30.00  -100.00     0.00     1.50     1.51     0.69    -0.69   -22.52   -22.21     4.71    -4.73     0.36     0.39     0.05    -0.01     0.00     0.00
   -30.00     0.00   100.00     1.51     1.50     0.69    -0.69   -22.21   -22.52     4.73    -4.71     0.39     0.36     0.01    -0.05     0.00     0.00
   -30.00     0.00  -100.00     1.50     1.50     0.69    -0.69   -21.98   -21.66     4.73    -4.75     0.38     0.40     0.01     0.03     0.00     0.00
   -35.00   100.00     0.00     1.50     1.50     0.69    -0.69   -21.66   -21.98     4.75    -4.73     0.40     0.38    -0.03    -0.01     0.00     0.00
   -35.00  -100.00     0.00     1.50     1.51     0.69    -0.69   -22.52   -22.21     4.71    -4.73     0.36     0.39     0.05    -0.01     0.00     0.00
   -35.00     0.00   100.00     1.51     1.50     0.69    -0.69   -22.21   -22.52     4.73    -4.71     0.39     0.36     0.01    -0.05     0.00     0.00
   -35.00     0.00  -100.00     1.50     1.50     0.69    -0.69   -21.98   -21.66     4.73    -4.75     0.38     0.40     0.01     0.03     0.00     0.00
   -40.00   100.00     0.00     1.50     1.50     0.69    -0.69   -21.66   -21.98     4.75    -4.73     0.40     0.38    -0.03    -0.01     0.00     0.00
   -40.00  -100.00     0.00     1.50     1.51     0.69    -0.69   -22.52   -22.21     4.71    -4.73     0.36     0.39     0.05    -0.01     0.00     0.00
   -40.00     0.00   100.00     1.51     1.50     0.69    -0.69   -22.21   -22.52     4.73    -4.71     0.39     0.36     0.01    -0.05     0.00     0.00
   -40.00     0.00  -100.00     1.50     1.50     0.69    -0.69   -21.98   -21.66     4.73    -4.75     0.38     0.40     0.01     0.03     0.00     0.00
