
  ----------------------------------------------------------------------------------------------------------------------------
  IPGKinematics  Version 3.6.11                                           Model: Querlenker                                   
  ----------------------------------------------------------------------------------------------------------------------------

   Table: Compliance - Force X at Wheel Center                            Demo data                                           

   WhTra  ForceX_L ForceX_R   TraX_L   TraX_R   TraY_L   TraY_R   TraZ_L   TraZ_R   RotX_L   RotX_R   RotY_L   RotY_R   RotZ_L   RotZ_R WhlLoadL WhlLoadR
     [mm]      [N]      [N]     [mm]     [mm]     [mm]     [mm]     [mm]     [mm]    [deg]    [deg]    [deg]    [deg]    [deg]    [deg]      [N]      [N]

     0.00  1000.00     0.00     0.52     0.00    -0.10    -0.00    -0.23    -0.01     5.01    -5.00     0.03     0.00    -0.15     0.00   614.88   562.87
     0.00 -1000.00     0.00    -0.52    -0.00     0.09     0.00     0.23     0.01     4.99    -5.00    -0.03    -0.00     0.15    -0.00   505.37   557.07
     0.00     0.00  1000.00     0.00     0.52     0.00     0.10    -0.01    -0.23     5.00    -5.01     0.00     0.03    -0.00     0.15   562.87   614.88
     0.00     0.00 -1000.00    -0.00    -0.52    -0.00    -0.09     0.01     0.23     5.00    -4.99    -0.00    -0.03     0.00    -0.15   557.07   505.37
     5.00  1000.00     0.00     0.23    -0.28    -0.45     0.36     4.18     4.39     5.10    -5.08    -0.04    -0.07    -0.16     0.01   753.82   703.52
     5.00 -1000.00     0.00    -0.80    -0.29    -0.27     0.36     4.62     4.42     5.07    -5.08    -0.10    -0.07     0.14     0.01   647.49   697.52
     5.00     0.00  1000.00    -0.28     0.23    -0.36     0.45     4.39     4.18     5.08    -5.10    -0.07    -0.04    -0.01     0.16   703.52   753.82
     5.00     0.00 -1000.00    -0.29    -0.80    -0.36     0.27     4.42     4.62     5.08    -5.07    -0.07    -0.10    -0.01    -0.14   697.52   647.49
    10.00  1000.00     0.00    -0.05    -0.56    -0.88     0.79     8.55     8.76     5.19    -5.18    -0.10    -0.14    -0.17     0.03   902.23   853.51
    10.00 -1000.00     0.00    -1.08    -0.56    -0.70     0.79     8.98     8.78     5.16    -5.18    -0.17    -0.14     0.12     0.03   798.90   847.39
    10.00     0.00  1000.00    -0.56    -0.05    -0.79     0.88     8.76     8.55     5.18    -5.19    -0.14    -0.10    -0.03     0.17   853.51   902.23
    10.00     0.00 -1000.00    -0.56    -1.08    -0.79     0.70     8.78     8.98     5.18    -5.16    -0.14    -0.17    -0.03    -0.12   847.39   798.90
    15.00  1000.00     0.00    -0.32    -0.83    -1.37     1.29    12.88    13.08     5.29    -5.28    -0.17    -0.20    -0.19     0.04  1060.24  1012.99
    15.00 -1000.00     0.00    -1.35    -0.83    -1.20     1.29    13.30    13.10     5.27    -5.28    -0.23    -0.20     0.11     0.04   959.77  1006.82
    15.00     0.00  1000.00    -0.83    -0.32    -1.29     1.37    13.08    12.88     5.28    -5.29    -0.20    -0.17    -0.04     0.19  1012.99  1060.24
    15.00     0.00 -1000.00    -0.83    -1.35    -1.29     1.20    13.10    13.30     5.28    -5.27    -0.20    -0.23    -0.04    -0.11  1006.82   959.77
    20.00  1000.00     0.00    -0.58    -1.10    -1.93     1.84    17.17    17.36     5.40    -5.39    -0.23    -0.26    -0.21     0.06  1227.99  1182.10
    20.00 -1000.00     0.00    -1.61    -1.10    -1.77     1.85    17.57    17.38     5.37    -5.39    -0.29    -0.26     0.08     0.06  1130.24  1175.95
    20.00     0.00  1000.00    -1.10    -0.58    -1.84     1.93    17.36    17.17     5.39    -5.40    -0.26    -0.23    -0.06     0.21  1182.10  1227.99
    20.00     0.00 -1000.00    -1.10    -1.61    -1.85     1.77    17.38    17.57     5.39    -5.37    -0.26    -0.29    -0.06    -0.08  1175.95  1130.24
    25.00  1000.00     0.00    -0.84    -1.35    -2.55     2.47    21.41    21.59     5.51    -5.50    -0.29    -0.32    -0.23     0.09  1405.60  1360.98
    25.00 -1000.00     0.00    -1.87    -1.35    -2.39     2.47    21.80    21.62     5.49    -5.50    -0.35    -0.32     0.06     0.09  1310.42  1354.89
    25.00     0.00  1000.00    -1.35    -0.84    -2.47     2.55    21.59    21.41     5.50    -5.51    -0.32    -0.29    -0.09     0.23  1360.98  1405.60
    25.00     0.00 -1000.00    -1.35    -1.87    -2.47     2.39    21.62    21.80     5.50    -5.49    -0.32    -0.35    -0.09    -0.06  1354.89  1310.42
    30.00  1000.00     0.00    -1.09    -1.60    -3.23     3.15    25.61    25.79     5.64    -5.63    -0.34    -0.37    -0.26     0.11  1593.17  1549.71
    30.00 -1000.00     0.00    -2.12    -1.61    -3.07     3.15    25.99    25.81     5.62    -5.63    -0.40    -0.37     0.03     0.11  1500.42  1543.75
    30.00     0.00  1000.00    -1.60    -1.09    -3.15     3.23    25.79    25.61     5.63    -5.64    -0.37    -0.34    -0.11     0.26  1549.71  1593.17
    30.00     0.00 -1000.00    -1.61    -2.12    -3.15     3.07    25.81    25.99     5.63    -5.62    -0.37    -0.40    -0.11    -0.03  1543.75  1500.42
    35.00  1000.00     0.00    -1.34    -1.85    -3.96     3.88    29.76    29.94     5.77    -5.76    -0.39    -0.42    -0.28     0.14  1790.76  1748.39
    35.00 -1000.00     0.00    -2.36    -1.85    -3.81     3.89    30.14    29.96     5.75    -5.76    -0.45    -0.42     0.01     0.14  1700.33  1742.59
    35.00     0.00  1000.00    -1.85    -1.34    -3.88     3.96    29.94    29.76     5.76    -5.77    -0.42    -0.39    -0.14     0.28  1748.39  1790.76
    35.00     0.00 -1000.00    -1.85    -2.36    -3.89     3.81    29.96    30.14     5.76    -5.75    -0.42    -0.45    -0.14    -0.01  1742.59  1700.33
    40.00  1000.00     0.00    -1.58    -2.09    -4.75     4.68    33.87    34.04     5.91    -5.90    -0.44    -0.47    -0.31     0.17  1998.47  1957.11
    40.00 -1000.00     0.00    -2.60    -2.09    -4.61     4.68    34.24    34.07     5.89    -5.90    -0.50    -0.47    -0.02     0.17  1910.22  1951.49
    40.00     0.00  1000.00    -2.09    -1.58    -4.68     4.75    34.04    33.87     5.90    -5.91    -0.47    -0.44    -0.17     0.31  1957.11  1998.47
    40.00     0.00 -1000.00    -2.09    -2.60    -4.68     4.61    34.07    34.24     5.90    -5.89    -0.47    -0.50    -0.17     0.02  1951.49  1910.22
    -5.00  1000.00     0.00     0.81     0.29     0.19    -0.29    -4.68    -4.46     4.94    -4.93     0.11     0.07    -0.14    -0.01   485.21   431.36
    -5.00 -1000.00     0.00    -0.23     0.29     0.39    -0.29    -4.21    -4.43     4.91    -4.93     0.04     0.07     0.16    -0.01   372.36   425.85
    -5.00     0.00  1000.00     0.29     0.81     0.29    -0.19    -4.46    -4.68     4.93    -4.94     0.07     0.11     0.01     0.14   431.36   485.21
    -5.00     0.00 -1000.00     0.29    -0.23     0.29    -0.39    -4.43    -4.21     4.93    -4.91     0.07     0.04     0.01    -0.16   425.85   372.36
   -10.00  1000.00     0.00     1.12     0.59     0.40    -0.51    -9.17    -8.94     4.88    -4.86     0.19     0.15    -0.14    -0.01   364.58   308.76
   -10.00 -1000.00     0.00     0.07     0.59     0.61    -0.51    -8.69    -8.92     4.85    -4.86     0.11     0.15     0.17    -0.01   248.22   303.64
   -10.00     0.00  1000.00     0.59     1.12     0.51    -0.40    -8.94    -9.17     4.86    -4.88     0.15     0.19     0.01     0.14   308.76   364.58
   -10.00     0.00 -1000.00     0.59     0.07     0.51    -0.61    -8.92    -8.69     4.86    -4.85     0.15     0.11     0.01    -0.17   303.64   248.22
   -15.00  1000.00     0.00     1.43     0.90     0.54    -0.65   -13.70   -13.46     4.82    -4.81     0.27     0.23    -0.14    -0.01   252.72   194.79
   -15.00 -1000.00     0.00     0.37     0.90     0.75    -0.65   -13.21   -13.44     4.79    -4.81     0.19     0.23     0.17    -0.02   132.69   190.15
   -15.00     0.00  1000.00     0.90     1.43     0.65    -0.54   -13.46   -13.70     4.81    -4.82     0.23     0.27     0.01     0.14   194.79   252.72
   -15.00     0.00 -1000.00     0.90     0.37     0.65    -0.75   -13.44   -13.21     4.81    -4.79     0.23     0.19     0.02    -0.17   190.15   132.69
   -20.00  1000.00     0.00     1.74     1.22     0.59    -0.71   -18.27   -18.02     4.78    -4.76     0.35     0.31    -0.14    -0.01   149.28    89.11
   -20.00 -1000.00     0.00     0.69     1.22     0.82    -0.71   -17.76   -18.01     4.74    -4.76     0.27     0.31     0.17    -0.01    25.42    85.06
   -20.00     0.00  1000.00     1.22     1.74     0.71    -0.59   -18.02   -18.27     4.76    -4.78     0.31     0.35     0.01     0.14    89.11   149.28
   -20.00     0.00 -1000.00     1.22     0.69     0.71    -0.82   -18.01   -17.76     4.76    -4.74     0.31     0.27     0.01    -0.17    85.06    25.42
   -25.00  1000.00     0.00     2.07     1.52     0.57    -0.69   -22.87   -22.34     4.74    -4.73     0.43     0.39    -0.15    -0.01    50.97     0.00
   -25.00 -1000.00     0.00     0.82     1.44     0.83    -0.70   -19.68   -21.20     4.73    -4.73     0.30     0.36     0.17    -0.01     0.00     0.00
   -25.00     0.00  1000.00     1.52     2.07     0.69    -0.57   -22.34   -22.87     4.73    -4.74     0.39     0.43     0.01     0.15     0.00    50.97
   -25.00     0.00 -1000.00     1.44     0.82     0.70    -0.83   -21.20   -19.68     4.73    -4.73     0.36     0.30     0.01    -0.17     0.00     0.00
   -30.00  1000.00     0.00     2.21     1.57     0.53    -0.68   -24.82   -23.02     4.73    -4.73     0.47     0.40    -0.15    -0.01     0.00     0.00
   -30.00 -1000.00     0.00     0.82     1.44     0.83    -0.70   -19.68   -21.20     4.73    -4.73     0.30     0.36     0.17    -0.01     0.00     0.00
   -30.00     0.00  1000.00     1.57     2.21     0.68    -0.53   -23.02   -24.82     4.73    -4.73     0.40     0.47     0.01     0.15     0.00     0.00
   -30.00     0.00 -1000.00     1.44     0.82     0.70    -0.83   -21.20   -19.68     4.73    -4.73     0.36     0.30     0.01    -0.17     0.00     0.00
   -35.00  1000.00     0.00     2.21     1.57     0.53    -0.68   -24.82   -23.02     4.73    -4.73     0.47     0.40    -0.15    -0.01     0.00     0.00
   -35.00 -1000.00     0.00     0.82     1.44     0.83    -0.70   -19.68   -21.20     4.73    -4.73     0.30     0.36     0.17    -0.01     0.00     0.00
   -35.00     0.00  1000.00     1.57     2.21     0.68    -0.53   -23.02   -24.82     4.73    -4.73     0.40     0.47     0.01     0.15     0.00     0.00
   -35.00     0.00 -1000.00     1.44     0.82     0.70    -0.83   -21.20   -19.68     4.73    -4.73     0.36     0.30     0.01    -0.17     0.00     0.00
   -40.00  1000.00     0.00     2.21     1.57     0.53    -0.68   -24.82   -23.02     4.73    -4.73     0.47     0.40    -0.15    -0.01     0.00     0.00
   -40.00 -1000.00     0.00     0.82     1.44     0.83    -0.70   -19.68   -21.20     4.73    -4.73     0.30     0.36     0.17    -0.01     0.00     0.00
   -40.00     0.00  1000.00     1.57     2.21     0.68    -0.53   -23.02   -24.82     4.73    -4.73     0.40     0.47     0.01     0.15     0.00     0.00
   -40.00     0.00 -1000.00     1.44     0.82     0.70    -0.83   -21.20   -19.68     4.73    -4.73     0.36     0.30     0.01    -0.17     0.00     0.00
