
  ----------------------------------------------------------------------------------------------------------------------------
  IPGKinematics  Version 3.6.11                                           Model: Querlenker                                   
  ----------------------------------------------------------------------------------------------------------------------------

   Table: Reciprocal Kinematics                                           Demo data                                           

  WhlTraL  WhlTraR    RCLat   RCVert   RCHeig     ToeL     ToeR  CamberL  CamberR  TotRoll  TransZL  TransZR WhlLoadL WhlLoadR
     [mm]     [mm]     [mm]     [mm]     [mm]    [min]    [min]    [deg]    [deg]    [deg]     [mm]     [mm]      [N]      [N]

     0.00     0.00    -0.00     5.45     5.45     0.00     0.00    -5.00    -5.00    -0.00     0.00     0.00   559.96   559.96
     0.00     5.00    37.61     5.21     3.00    -0.47     1.14    -5.00    -5.08    -0.13     0.41     3.97   458.73   806.00
     0.00    10.00   314.97     3.63    -0.76    -0.96     2.47    -5.00    -5.17    -0.25     0.84     7.86   353.39  1073.35
     0.00    15.00  -234.42     6.65     0.12    -1.46     3.97    -5.00    -5.27    -0.38     1.29    11.66   244.22  1360.89
     0.00    20.00  -128.00     6.02    -2.63    -1.97     5.62    -5.00    -5.37    -0.49     1.75    15.38   131.49  1667.60
     0.00    25.00  -101.41     5.83    -4.90    -2.49     7.42    -5.00    -5.48    -0.61     2.22    19.02    15.38  1992.59
     0.00    30.00   -71.95     5.31    -8.60    -2.48     9.14    -5.04    -5.60    -0.66     4.70    22.83     0.00  2276.05
     0.00    35.00   -56.30     4.90   -12.32    -2.32    10.95    -5.09    -5.72    -0.70     7.46    26.63     0.00  2563.19
     0.00    40.00   -47.06     4.56   -15.96    -2.11    12.89    -5.14    -5.85    -0.73    10.22    30.37     0.00  2862.41
     0.00     0.00    -0.00     5.45     5.45     0.00     0.00    -5.00    -5.00    -0.00     0.00     0.00   559.96   559.96
     0.00    -5.00   -13.73     5.56     7.80     0.45    -0.94    -5.00    -4.92     0.13    -0.40    -4.07   656.70   336.49
     0.00   -10.00   -19.81     5.61    10.15     0.89    -1.66    -5.00    -4.86     0.27    -0.77    -8.24   748.50   136.98
     0.00   -15.00   -21.91     5.64    11.97     1.21    -2.05    -5.00    -4.81     0.38    -1.04   -11.54   815.78     0.00
     0.00   -20.00   -21.91     5.64    11.97     1.21    -2.05    -5.00    -4.81     0.38    -1.04   -11.54   815.78     0.00
     0.00   -25.00   -21.91     5.64    11.97     1.21    -2.05    -5.00    -4.81     0.38    -1.04   -11.54   815.78     0.00
     0.00   -30.00   -21.91     5.64    11.97     1.21    -2.05    -5.00    -4.81     0.38    -1.04   -11.54   815.78     0.00
     0.00   -35.00   -21.91     5.64    11.97     1.21    -2.05    -5.00    -4.81     0.38    -1.04   -11.54   815.78     0.00
     0.00   -40.00   -21.91     5.64    11.97     1.21    -2.05    -5.00    -4.81     0.38    -1.04   -11.54   815.78     0.00
     5.00     0.00   -37.61     5.21     3.00     1.14    -0.47    -5.08    -5.00     0.13     3.97     0.41   806.00   458.73
     5.00     5.00     0.00     5.15     0.71     0.68     0.68    -5.08    -5.08     0.00     4.40     4.40   700.51   700.51
     5.00    10.00   -73.91     5.16    -1.47     0.19     2.01    -5.08    -5.18    -0.12     4.85     8.31   590.91   963.93
     5.00    15.00   -62.05     5.11    -3.68    -0.30     3.51    -5.08    -5.27    -0.25     5.31    12.12   477.53  1247.81
     5.00    20.00   -59.40     5.07    -5.86    -0.81     5.17    -5.08    -5.38    -0.36     5.79    15.85   360.62  1551.07
     5.00    25.00   -58.31     5.02    -8.00    -1.32     6.98    -5.08    -5.49    -0.48     6.28    19.51   240.40  1872.79
     5.00    30.00   -57.65     4.98   -10.12    -1.85     8.91    -5.08    -5.60    -0.59     6.79    23.09   117.05  2212.13
     5.00    35.00   -56.30     4.90   -12.32    -2.32    10.95    -5.09    -5.72    -0.70     7.46    26.63     0.00  2563.19
     5.00    40.00   -47.06     4.56   -15.96    -2.11    12.89    -5.14    -5.85    -0.73    10.22    30.37     0.00  2862.41
     5.00     0.00   -37.61     5.21     3.00     1.14    -0.47    -5.08    -5.00     0.13     3.97     0.41   806.00   458.73
     5.00    -5.00   -40.74     5.24     5.30     1.60    -1.41    -5.08    -4.92     0.26     3.56    -3.67   906.99   239.94
     5.00   -10.00   -40.33     5.27     7.63     2.03    -2.13    -5.08    -4.85     0.40     3.17    -7.86  1003.00    45.62
     5.00   -15.00   -39.96     5.27     8.23     2.14    -2.27    -5.08    -4.84     0.43     3.07    -8.95  1026.71     0.00
     5.00   -20.00   -39.96     5.27     8.23     2.14    -2.27    -5.08    -4.84     0.43     3.07    -8.95  1026.71     0.00
     5.00   -25.00   -39.96     5.27     8.23     2.14    -2.27    -5.08    -4.84     0.43     3.07    -8.95  1026.71     0.00
     5.00   -30.00   -39.96     5.27     8.23     2.14    -2.27    -5.08    -4.84     0.43     3.07    -8.95  1026.71     0.00
     5.00   -35.00   -39.96     5.27     8.23     2.14    -2.27    -5.08    -4.84     0.43     3.07    -8.95  1026.71     0.00
     5.00   -40.00   -39.96     5.27     8.23     2.14    -2.27    -5.08    -4.84     0.43     3.07    -8.95  1026.71     0.00
    10.00     0.00  -314.97     3.63    -0.76     2.47    -0.96    -5.17    -5.00     0.25     7.86     0.84  1073.35   353.39
    10.00     5.00    73.91     5.16    -1.47     2.01     0.19    -5.18    -5.08     0.12     8.31     4.85   963.93   590.91
    10.00    10.00     0.00     4.83    -4.02     1.53     1.53    -5.18    -5.18    -0.00     8.77     8.77   850.44   850.44
    10.00    15.00   -19.57     4.70    -6.32     1.04     3.04    -5.18    -5.27    -0.12     9.25    12.60   733.20  1130.69
    10.00    20.00   -28.80     4.62    -8.54     0.54     4.71    -5.18    -5.38    -0.24     9.74    16.35   612.49  1430.57
    10.00    25.00   -34.17     4.55   -10.73     0.04     6.52    -5.18    -5.49    -0.35    10.24    20.01   488.55  1749.08
    10.00    30.00   -37.62     4.49   -12.87    -0.47     8.47    -5.18    -5.60    -0.47    10.76    23.61   361.57  2085.37
    10.00    35.00   -39.92     4.43   -14.99    -0.99    10.54    -5.18    -5.72    -0.58    11.29    27.13   231.70  2438.66
    10.00    40.00   -41.48     4.38   -17.07    -1.52    12.72    -5.18    -5.85    -0.68    11.83    30.59    99.10  2808.29
    10.00     0.00  -314.97     3.63    -0.76     2.47    -0.96    -5.17    -5.00     0.25     7.86     0.84  1073.35   353.39
    10.00    -5.00  -108.74     4.50     2.39     2.92    -1.90    -5.17    -4.92     0.39     7.43    -3.26  1178.28   139.28
    10.00   -10.00   -84.23     4.62     4.19     3.24    -2.44    -5.17    -4.87     0.48     7.13    -6.30  1251.05     0.00
    10.00   -15.00   -84.23     4.62     4.19     3.24    -2.44    -5.17    -4.87     0.48     7.13    -6.30  1251.05     0.00
    10.00   -20.00   -84.23     4.62     4.19     3.24    -2.44    -5.17    -4.87     0.48     7.13    -6.30  1251.05     0.00
    10.00   -25.00   -84.23     4.62     4.19     3.24    -2.44    -5.17    -4.87     0.48     7.13    -6.30  1251.05     0.00
    10.00   -30.00   -84.23     4.62     4.19     3.24    -2.44    -5.17    -4.87     0.48     7.13    -6.30  1251.05     0.00
    10.00   -35.00   -84.23     4.62     4.19     3.24    -2.44    -5.17    -4.87     0.48     7.13    -6.30  1251.05     0.00
    10.00   -40.00   -84.23     4.62     4.19     3.24    -2.44    -5.17    -4.87     0.48     7.13    -6.30  1251.05     0.00
    15.00     0.00   234.42     6.65     0.12     3.97    -1.46    -5.27    -5.00     0.38    11.66     1.29  1360.89   244.22
    15.00     5.00    62.05     5.11    -3.68     3.51    -0.30    -5.27    -5.08     0.25    12.12     5.31  1247.81   477.53
    15.00    10.00    19.57     4.70    -6.32     3.04     1.04    -5.27    -5.18     0.12    12.60     9.25  1130.69   733.20
    15.00    15.00    -0.00     4.49    -8.72     2.56     2.56    -5.28    -5.28    -0.00    13.09    13.09  1009.89  1009.89
    15.00    20.00   -11.32     4.35   -11.02     2.07     4.24    -5.28    -5.38    -0.12    13.60    16.85   885.70  1306.45
    15.00    25.00   -18.68     4.23   -13.26     1.58     6.06    -5.28    -5.49    -0.23    14.12    20.53   758.36  1621.84
    15.00    30.00   -23.76     4.14   -15.45     1.07     8.02    -5.28    -5.61    -0.34    14.65    24.14   628.06  1955.17
    15.00    35.00   -27.42     4.06   -17.60     0.57    10.10    -5.29    -5.73    -0.45    15.19    27.67   494.97  2305.63
    15.00    40.00   -30.08     3.98   -19.72     0.06    12.29    -5.29    -5.86    -0.56    15.74    31.14   359.24  2672.53
    15.00     0.00   234.42     6.65     0.12     3.97    -1.46    -5.27    -5.00     0.38    11.66     1.29  1360.89   244.22
    15.00    -5.00  -524.55     0.09    -4.14     4.42    -2.40    -5.27    -4.92     0.51    11.22    -2.84  1469.51    34.79
    15.00   -10.00  -365.83     1.48    -2.34     4.49    -2.54    -5.27    -4.91     0.53    11.14    -3.58  1488.42     0.00
    15.00   -15.00  -365.83     1.48    -2.34     4.49    -2.54    -5.27    -4.91     0.53    11.14    -3.58  1488.42     0.00
    15.00   -20.00  -365.83     1.48    -2.34     4.49    -2.54    -5.27    -4.91     0.53    11.14    -3.58  1488.42     0.00
    15.00   -25.00  -365.83     1.48    -2.34     4.49    -2.54    -5.27    -4.91     0.53    11.14    -3.58  1488.42     0.00
    15.00   -30.00  -365.83     1.48    -2.34     4.49    -2.54    -5.27    -4.91     0.53    11.14    -3.58  1488.42     0.00
    15.00   -35.00  -365.83     1.48    -2.34     4.49    -2.54    -5.27    -4.91     0.53    11.14    -3.58  1488.42     0.00
    15.00   -40.00  -365.83     1.48    -2.34     4.49    -2.54    -5.27    -4.91     0.53    11.14    -3.58  1488.42     0.00
    20.00     0.00   128.00     6.02    -2.63     5.62    -1.97    -5.37    -5.00     0.49    15.38     1.75  1667.60   131.49
    20.00     5.00    59.40     5.07    -5.86     5.17    -0.81    -5.38    -5.08     0.36    15.85     5.79  1551.07   360.62
    20.00    10.00    28.80     4.62    -8.54     4.71     0.54    -5.38    -5.18     0.24    16.35     9.74  1430.57   612.49
    20.00    15.00    11.32     4.35   -11.02     4.24     2.07    -5.38    -5.28     0.12    16.85    13.60  1306.45   885.70
    20.00    20.00    -0.00     4.15   -13.39     3.76     3.76    -5.39    -5.39    -0.00    17.37    17.37  1179.02  1179.02
    20.00    25.00    -7.89     4.00   -15.69     3.28     5.59    -5.39    -5.50    -0.11    17.90    21.06  1048.52  1491.37
    20.00    30.00   -13.64     3.87   -17.92     2.79     7.56    -5.39    -5.62    -0.23    18.44    24.68   915.16  1821.83
    20.00    35.00   -17.94     3.76   -20.11     2.29     9.65    -5.40    -5.74    -0.34    19.00    28.23   779.11  2169.56
    20.00    40.00   -21.21     3.67   -22.26     1.80    11.86    -5.40    -5.86    -0.44    19.56    31.70   640.53  2533.84
    20.00     0.00   128.00     6.02    -2.63     5.62    -1.97    -5.37    -5.00     0.49    15.38     1.75  1667.60   131.49
    20.00    -5.00   245.62     7.60     0.40     5.90    -2.59    -5.37    -4.95     0.58    15.09    -0.84  1738.52     0.00
    20.00   -10.00   245.62     7.60     0.40     5.90    -2.59    -5.37    -4.95     0.58    15.09    -0.84  1738.52     0.00
    20.00   -15.00   245.62     7.60     0.40     5.90    -2.59    -5.37    -4.95     0.58    15.09    -0.84  1738.52     0.00
    20.00   -20.00   245.62     7.60     0.40     5.90    -2.59    -5.37    -4.95     0.58    15.09    -0.84  1738.52     0.00
    20.00   -25.00   245.62     7.60     0.40     5.90    -2.59    -5.37    -4.95     0.58    15.09    -0.84  1738.52     0.00
    20.00   -30.00   245.62     7.60     0.40     5.90    -2.59    -5.37    -4.95     0.58    15.09    -0.84  1738.52     0.00
    20.00   -35.00   245.62     7.60     0.40     5.90    -2.59    -5.37    -4.95     0.58    15.09    -0.84  1738.52     0.00
    20.00   -40.00   245.62     7.60     0.40     5.90    -2.59    -5.37    -4.95     0.58    15.09    -0.84  1738.52     0.00
    25.00     0.00   101.41     5.83    -4.90     7.42    -2.49    -5.48    -5.00     0.61    19.02     2.22  1992.59    15.38
    25.00     5.00    58.31     5.02    -8.00     6.98    -1.32    -5.49    -5.08     0.48    19.51     6.28  1872.79   240.40
    25.00    10.00    34.17     4.55   -10.73     6.52     0.04    -5.49    -5.18     0.35    20.01    10.24  1749.08   488.55
    25.00    15.00    18.68     4.23   -13.26     6.06     1.58    -5.49    -5.28     0.23    20.53    14.12  1621.84   758.36
    25.00    20.00     7.89     4.00   -15.69     5.59     3.28    -5.50    -5.39     0.11    21.06    17.90  1491.37  1048.52
    25.00    25.00     0.00     3.81   -18.03     5.12     5.12    -5.50    -5.50     0.00    21.61    21.61  1357.93  1357.93
    25.00    30.00    -5.96     3.65   -20.30     4.65     7.10    -5.51    -5.62    -0.11    22.16    25.24  1221.72  1685.61
    25.00    35.00   -10.56     3.52   -22.53     4.17     9.21    -5.51    -5.74    -0.22    22.73    28.79  1082.92  2030.71
    25.00    40.00   -14.15     3.41   -24.70     3.69    11.43    -5.52    -5.87    -0.33    23.30    32.28   941.69  2392.48
    25.00     0.00   101.41     5.83    -4.90     7.42    -2.49    -5.48    -5.00     0.61    19.02     2.22  1992.59    15.38
    25.00    -5.00   105.91     5.91    -4.65     7.45    -2.57    -5.48    -4.99     0.62    18.99     1.93  2001.12     0.00
    25.00   -10.00   105.91     5.91    -4.65     7.45    -2.57    -5.48    -4.99     0.62    18.99     1.93  2001.12     0.00
    25.00   -15.00   105.91     5.91    -4.65     7.45    -2.57    -5.48    -4.99     0.62    18.99     1.93  2001.12     0.00
    25.00   -20.00   105.91     5.91    -4.65     7.45    -2.57    -5.48    -4.99     0.62    18.99     1.93  2001.12     0.00
    25.00   -25.00   105.91     5.91    -4.65     7.45    -2.57    -5.48    -4.99     0.62    18.99     1.93  2001.12     0.00
    25.00   -30.00   105.91     5.91    -4.65     7.45    -2.57    -5.48    -4.99     0.62    18.99     1.93  2001.12     0.00
    25.00   -35.00   105.91     5.91    -4.65     7.45    -2.57    -5.48    -4.99     0.62    18.99     1.93  2001.12     0.00
    25.00   -40.00   105.91     5.91    -4.65     7.45    -2.57    -5.48    -4.99     0.62    18.99     1.93  2001.12     0.00
    30.00     0.00    71.95     5.31    -8.60     9.14    -2.48    -5.60    -5.04     0.66    22.83     4.70  2276.05     0.00
    30.00     5.00    57.65     4.98   -10.12     8.91    -1.85    -5.60    -5.08     0.59    23.09     6.79  2212.13   117.05
    30.00    10.00    37.62     4.49   -12.87     8.47    -0.47    -5.60    -5.18     0.47    23.61    10.76  2085.37   361.57
    30.00    15.00    23.76     4.14   -15.45     8.02     1.07    -5.61    -5.28     0.34    24.14    14.65  1955.17   628.06
    30.00    20.00    13.64     3.87   -17.92     7.56     2.79    -5.62    -5.39     0.23    24.68    18.44  1821.83   915.16
    30.00    25.00     5.96     3.65   -20.30     7.10     4.65    -5.62    -5.51     0.11    25.24    22.16  1685.61  1221.72
    30.00    30.00     0.00     3.47   -22.62     6.64     6.64    -5.63    -5.63     0.00    25.80    25.80  1546.72  1546.72
    30.00    35.00    -4.70     3.32   -24.87     6.18     8.76    -5.63    -5.75    -0.11    26.37    29.37  1405.35  1889.29
    30.00    40.00    -8.45     3.19   -27.08     5.71    10.99    -5.64    -5.88    -0.22    26.96    32.86  1261.65  2248.65
    30.00     0.00    71.95     5.31    -8.60     9.14    -2.48    -5.60    -5.04     0.66    22.83     4.70  2276.05     0.00
    30.00    -5.00    71.95     5.31    -8.60     9.14    -2.48    -5.60    -5.04     0.66    22.83     4.70  2276.05     0.00
    30.00   -10.00    71.95     5.31    -8.60     9.14    -2.48    -5.60    -5.04     0.66    22.83     4.70  2276.05     0.00
    30.00   -15.00    71.95     5.31    -8.60     9.14    -2.48    -5.60    -5.04     0.66    22.83     4.70  2276.05     0.00
    30.00   -20.00    71.95     5.31    -8.60     9.14    -2.48    -5.60    -5.04     0.66    22.83     4.70  2276.05     0.00
    30.00   -25.00    71.95     5.31    -8.60     9.14    -2.48    -5.60    -5.04     0.66    22.83     4.70  2276.05     0.00
    30.00   -30.00    71.95     5.31    -8.60     9.14    -2.48    -5.60    -5.04     0.66    22.83     4.70  2276.05     0.00
    30.00   -35.00    71.95     5.31    -8.60     9.14    -2.48    -5.60    -5.04     0.66    22.83     4.70  2276.05     0.00
    30.00   -40.00    71.95     5.31    -8.60     9.14    -2.48    -5.60    -5.04     0.66    22.83     4.70  2276.05     0.00
    35.00     0.00    56.30     4.90   -12.32    10.95    -2.32    -5.72    -5.09     0.70    26.63     7.46  2563.19     0.00
    35.00     5.00    56.30     4.90   -12.32    10.95    -2.32    -5.72    -5.09     0.70    26.63     7.46  2563.19     0.00
    35.00    10.00    39.92     4.43   -14.99    10.54    -0.99    -5.72    -5.18     0.58    27.13    11.29  2438.66   231.70
    35.00    15.00    27.42     4.06   -17.60    10.10     0.57    -5.73    -5.29     0.45    27.67    15.19  2305.63   494.97
    35.00    20.00    17.94     3.76   -20.11     9.65     2.29    -5.74    -5.40     0.34    28.23    19.00  2169.56   779.11
    35.00    25.00    10.56     3.52   -22.53     9.21     4.17    -5.74    -5.51     0.22    28.79    22.73  2030.71  1082.92
    35.00    30.00     4.70     3.32   -24.87     8.76     6.18    -5.75    -5.63     0.11    29.37    26.37  1889.29  1405.35
    35.00    35.00     0.00     3.15   -27.16     8.31     8.31    -5.76    -5.76     0.00    29.95    29.95  1745.49  1745.49
    35.00    40.00    -3.80     3.00   -29.39     7.86    10.56    -5.77    -5.89    -0.11    30.54    33.45  1599.46  2102.53
    35.00     0.00    56.30     4.90   -12.32    10.95    -2.32    -5.72    -5.09     0.70    26.63     7.46  2563.19     0.00
    35.00    -5.00    56.30     4.90   -12.32    10.95    -2.32    -5.72    -5.09     0.70    26.63     7.46  2563.19     0.00
    35.00   -10.00    56.30     4.90   -12.32    10.95    -2.32    -5.72    -5.09     0.70    26.63     7.46  2563.19     0.00
    35.00   -15.00    56.30     4.90   -12.32    10.95    -2.32    -5.72    -5.09     0.70    26.63     7.46  2563.19     0.00
    35.00   -20.00    56.30     4.90   -12.32    10.95    -2.32    -5.72    -5.09     0.70    26.63     7.46  2563.19     0.00
    35.00   -25.00    56.30     4.90   -12.32    10.95    -2.32    -5.72    -5.09     0.70    26.63     7.46  2563.19     0.00
    35.00   -30.00    56.30     4.90   -12.32    10.95    -2.32    -5.72    -5.09     0.70    26.63     7.46  2563.19     0.00
    35.00   -35.00    56.30     4.90   -12.32    10.95    -2.32    -5.72    -5.09     0.70    26.63     7.46  2563.19     0.00
    35.00   -40.00    56.30     4.90   -12.32    10.95    -2.32    -5.72    -5.09     0.70    26.63     7.46  2563.19     0.00
    40.00     0.00    47.06     4.56   -15.96    12.89    -2.11    -5.85    -5.14     0.73    30.37    10.22  2862.41     0.00
    40.00     5.00    47.06     4.56   -15.96    12.89    -2.11    -5.85    -5.14     0.73    30.37    10.22  2862.41     0.00
    40.00    10.00    41.48     4.38   -17.07    12.72    -1.52    -5.85    -5.18     0.68    30.59    11.83  2808.29    99.10
    40.00    15.00    30.08     3.98   -19.72    12.29     0.06    -5.86    -5.29     0.56    31.14    15.74  2672.53   359.24
    40.00    20.00    21.21     3.67   -22.26    11.86     1.80    -5.86    -5.40     0.44    31.70    19.56  2533.84   640.53
    40.00    25.00    14.15     3.41   -24.70    11.43     3.69    -5.87    -5.52     0.33    32.28    23.30  2392.48   941.69
    40.00    30.00     8.45     3.19   -27.08    10.99     5.71    -5.88    -5.64     0.22    32.86    26.96  2248.65  1261.65
    40.00    35.00     3.80     3.00   -29.39    10.56     7.86    -5.89    -5.77     0.11    33.45    30.54  2102.53  1599.46
    40.00    40.00     0.00     2.84   -31.64    10.12    10.12    -5.90    -5.90     0.00    34.05    34.05  1954.30  1954.30
    40.00     0.00    47.06     4.56   -15.96    12.89    -2.11    -5.85    -5.14     0.73    30.37    10.22  2862.41     0.00
    40.00    -5.00    47.06     4.56   -15.96    12.89    -2.11    -5.85    -5.14     0.73    30.37    10.22  2862.41     0.00
    40.00   -10.00    47.06     4.56   -15.96    12.89    -2.11    -5.85    -5.14     0.73    30.37    10.22  2862.41     0.00
    40.00   -15.00    47.06     4.56   -15.96    12.89    -2.11    -5.85    -5.14     0.73    30.37    10.22  2862.41     0.00
    40.00   -20.00    47.06     4.56   -15.96    12.89    -2.11    -5.85    -5.14     0.73    30.37    10.22  2862.41     0.00
    40.00   -25.00    47.06     4.56   -15.96    12.89    -2.11    -5.85    -5.14     0.73    30.37    10.22  2862.41     0.00
    40.00   -30.00    47.06     4.56   -15.96    12.89    -2.11    -5.85    -5.14     0.73    30.37    10.22  2862.41     0.00
    40.00   -35.00    47.06     4.56   -15.96    12.89    -2.11    -5.85    -5.14     0.73    30.37    10.22  2862.41     0.00
    40.00   -40.00    47.06     4.56   -15.96    12.89    -2.11    -5.85    -5.14     0.73    30.37    10.22  2862.41     0.00
     0.00     0.00    -0.00     5.45     5.45     0.00     0.00    -5.00    -5.00    -0.00     0.00     0.00   559.96   559.96
     0.00     5.00    37.61     5.21     3.00    -0.47     1.14    -5.00    -5.08    -0.13     0.41     3.97   458.73   806.00
     0.00    10.00   314.97     3.63    -0.76    -0.96     2.47    -5.00    -5.17    -0.25     0.84     7.86   353.39  1073.35
     0.00    15.00  -234.42     6.65     0.12    -1.46     3.97    -5.00    -5.27    -0.38     1.29    11.66   244.22  1360.89
     0.00    20.00  -128.00     6.02    -2.63    -1.97     5.62    -5.00    -5.37    -0.49     1.75    15.38   131.49  1667.60
     0.00    25.00  -101.41     5.83    -4.90    -2.49     7.42    -5.00    -5.48    -0.61     2.22    19.02    15.38  1992.59
     0.00    30.00   -71.95     5.31    -8.60    -2.48     9.14    -5.04    -5.60    -0.66     4.70    22.83     0.00  2276.05
     0.00    35.00   -56.30     4.90   -12.32    -2.32    10.95    -5.09    -5.72    -0.70     7.46    26.63     0.00  2563.19
     0.00    40.00   -47.06     4.56   -15.96    -2.11    12.89    -5.14    -5.85    -0.73    10.22    30.37     0.00  2862.41
     0.00     0.00    -0.00     5.45     5.45     0.00     0.00    -5.00    -5.00    -0.00     0.00     0.00   559.96   559.96
     0.00    -5.00   -13.73     5.56     7.80     0.45    -0.94    -5.00    -4.92     0.13    -0.40    -4.07   656.70   336.49
     0.00   -10.00   -19.81     5.61    10.15     0.89    -1.66    -5.00    -4.86     0.27    -0.77    -8.24   748.50   136.98
     0.00   -15.00   -21.91     5.64    11.97     1.21    -2.05    -5.00    -4.81     0.38    -1.04   -11.54   815.78     0.00
     0.00   -20.00   -21.91     5.64    11.97     1.21    -2.05    -5.00    -4.81     0.38    -1.04   -11.54   815.78     0.00
     0.00   -25.00   -21.91     5.64    11.97     1.21    -2.05    -5.00    -4.81     0.38    -1.04   -11.54   815.78     0.00
     0.00   -30.00   -21.91     5.64    11.97     1.21    -2.05    -5.00    -4.81     0.38    -1.04   -11.54   815.78     0.00
     0.00   -35.00   -21.91     5.64    11.97     1.21    -2.05    -5.00    -4.81     0.38    -1.04   -11.54   815.78     0.00
     0.00   -40.00   -21.91     5.64    11.97     1.21    -2.05    -5.00    -4.81     0.38    -1.04   -11.54   815.78     0.00
    -5.00     0.00    13.73     5.56     7.80    -0.94     0.45    -4.92    -5.00    -0.13    -4.07    -0.40   336.49   656.70
    -5.00     5.00    40.74     5.24     5.30    -1.41     1.60    -4.92    -5.08    -0.26    -3.67     3.56   239.94   906.99
    -5.00    10.00   108.74     4.50     2.39    -1.90     2.92    -4.92    -5.17    -0.39    -3.26     7.43   139.28  1178.28
    -5.00    15.00   524.55     0.09    -4.14    -2.40     4.42    -4.92    -5.27    -0.51    -2.84    11.22    34.79  1469.51
    -5.00    20.00  -245.62     7.60     0.40    -2.59     5.90    -4.95    -5.37    -0.58    -0.84    15.09     0.00  1738.52
    -5.00    25.00  -105.91     5.91    -4.65    -2.57     7.45    -4.99    -5.48    -0.62     1.93    18.99     0.00  2001.12
    -5.00    30.00   -71.95     5.31    -8.60    -2.48     9.14    -5.04    -5.60    -0.66     4.70    22.83     0.00  2276.05
    -5.00    35.00   -56.30     4.90   -12.32    -2.32    10.95    -5.09    -5.72    -0.70     7.46    26.63     0.00  2563.19
    -5.00    40.00   -47.06     4.56   -15.96    -2.11    12.89    -5.14    -5.85    -0.73    10.22    30.37     0.00  2862.41
    -5.00     0.00    13.73     5.56     7.80    -0.94     0.45    -4.92    -5.00    -0.13    -4.07    -0.40   336.49   656.70
    -5.00    -5.00    -0.00     5.72    10.20    -0.49    -0.49    -4.93    -4.93    -0.00    -4.45    -4.45   428.59   428.59
    -5.00   -10.00    -7.56     5.83    12.57    -0.06    -1.22    -4.93    -4.86     0.14    -4.80    -8.59   515.83   223.97
    -5.00   -15.00   -11.58     5.88    14.93     0.35    -1.70    -4.93    -4.80     0.28    -5.14   -12.85   597.66    44.20
    -5.00   -20.00   -12.22     5.89    15.57     0.45    -1.79    -4.93    -4.79     0.32    -5.22   -14.02   618.80     0.00
    -5.00   -25.00   -12.22     5.89    15.57     0.45    -1.79    -4.93    -4.79     0.32    -5.22   -14.02   618.80     0.00
    -5.00   -30.00   -12.22     5.89    15.57     0.45    -1.79    -4.93    -4.79     0.32    -5.22   -14.02   618.80     0.00
    -5.00   -35.00   -12.22     5.89    15.57     0.45    -1.79    -4.93    -4.79     0.32    -5.22   -14.02   618.80     0.00
    -5.00   -40.00   -12.22     5.89    15.57     0.45    -1.79    -4.93    -4.79     0.32    -5.22   -14.02   618.80     0.00
   -10.00     0.00    19.81     5.61    10.15    -1.66     0.89    -4.86    -5.00    -0.27    -8.24    -0.77   136.98   748.50
   -10.00     5.00    40.33     5.27     7.63    -2.13     2.03    -4.85    -5.08    -0.40    -7.86     3.17    45.62  1003.00
   -10.00    10.00    84.23     4.62     4.19    -2.44     3.24    -4.87    -5.17    -0.48    -6.30     7.13     0.00  1251.05
   -10.00    15.00   365.83     1.48    -2.34    -2.54     4.49    -4.91    -5.27    -0.53    -3.58    11.14     0.00  1488.42
   -10.00    20.00  -245.62     7.60     0.40    -2.59     5.90    -4.95    -5.37    -0.58    -0.84    15.09     0.00  1738.52
   -10.00    25.00  -105.91     5.91    -4.65    -2.57     7.45    -4.99    -5.48    -0.62     1.93    18.99     0.00  2001.12
   -10.00    30.00   -71.95     5.31    -8.60    -2.48     9.14    -5.04    -5.60    -0.66     4.70    22.83     0.00  2276.05
   -10.00    35.00   -56.30     4.90   -12.32    -2.32    10.95    -5.09    -5.72    -0.70     7.46    26.63     0.00  2563.19
   -10.00    40.00   -47.06     4.56   -15.96    -2.11    12.89    -5.14    -5.85    -0.73    10.22    30.37     0.00  2862.41
   -10.00     0.00    19.81     5.61    10.15    -1.66     0.89    -4.86    -5.00    -0.27    -8.24    -0.77   136.98   748.50
   -10.00    -5.00     7.56     5.83    12.57    -1.22    -0.06    -4.86    -4.93    -0.14    -8.59    -4.80   223.97   515.83
   -10.00   -10.00    -0.00     5.96    14.95    -0.79    -0.79    -4.86    -4.86    -0.00    -8.93    -8.93   306.19   306.19
   -10.00   -15.00    -4.51     6.04    17.31    -0.39    -1.29    -4.86    -4.80     0.14    -9.25   -13.16   383.17   120.85
   -10.00   -20.00    -6.39     6.08    19.06    -0.11    -1.49    -4.86    -4.77     0.25    -9.46   -16.36   436.45     0.00
   -10.00   -25.00    -6.39     6.08    19.06    -0.11    -1.49    -4.86    -4.77     0.25    -9.46   -16.36   436.45     0.00
   -10.00   -30.00    -6.39     6.08    19.06    -0.11    -1.49    -4.86    -4.77     0.25    -9.46   -16.36   436.45     0.00
   -10.00   -35.00    -6.39     6.08    19.06    -0.11    -1.49    -4.86    -4.77     0.25    -9.46   -16.36   436.45     0.00
   -10.00   -40.00    -6.39     6.08    19.06    -0.11    -1.49    -4.86    -4.77     0.25    -9.46   -16.36   436.45     0.00
   -15.00     0.00    21.91     5.64    11.97    -2.05     1.21    -4.81    -5.00    -0.38   -11.54    -1.04     0.00   815.78
   -15.00     5.00    39.96     5.27     8.23    -2.27     2.14    -4.84    -5.08    -0.43    -8.95     3.07     0.00  1026.71
   -15.00    10.00    84.23     4.62     4.19    -2.44     3.24    -4.87    -5.17    -0.48    -6.30     7.13     0.00  1251.05
   -15.00    15.00   365.83     1.48    -2.34    -2.54     4.49    -4.91    -5.27    -0.53    -3.58    11.14     0.00  1488.42
   -15.00    20.00  -245.62     7.60     0.40    -2.59     5.90    -4.95    -5.37    -0.58    -0.84    15.09     0.00  1738.52
   -15.00    25.00  -105.91     5.91    -4.65    -2.57     7.45    -4.99    -5.48    -0.62     1.93    18.99     0.00  2001.12
   -15.00    30.00   -71.95     5.31    -8.60    -2.48     9.14    -5.04    -5.60    -0.66     4.70    22.83     0.00  2276.05
   -15.00    35.00   -56.30     4.90   -12.32    -2.32    10.95    -5.09    -5.72    -0.70     7.46    26.63     0.00  2563.19
   -15.00    40.00   -47.06     4.56   -15.96    -2.11    12.89    -5.14    -5.85    -0.73    10.22    30.37     0.00  2862.41
   -15.00     0.00    21.91     5.64    11.97    -2.05     1.21    -4.81    -5.00    -0.38   -11.54    -1.04     0.00   815.78
   -15.00    -5.00    11.58     5.88    14.93    -1.70     0.35    -4.80    -4.93    -0.28   -12.85    -5.14    44.20   597.66
   -15.00   -10.00     4.51     6.04    17.31    -1.29    -0.39    -4.80    -4.86    -0.14   -13.16    -9.25   120.85   383.17
   -15.00   -15.00    -0.00     6.15    19.68    -0.90    -0.90    -4.81    -4.81    -0.00   -13.45   -13.45   192.46   192.46
   -15.00   -20.00    -2.53     6.20    22.03    -0.54    -1.15    -4.81    -4.76     0.15   -13.72   -17.77   258.50    26.70
   -15.00   -25.00    -2.80     6.21    22.45    -0.48    -1.17    -4.81    -4.75     0.17   -13.77   -18.54   269.58     0.00
   -15.00   -30.00    -2.80     6.21    22.45    -0.48    -1.17    -4.81    -4.75     0.17   -13.77   -18.54   269.58     0.00
   -15.00   -35.00    -2.80     6.21    22.45    -0.48    -1.17    -4.81    -4.75     0.17   -13.77   -18.54   269.58     0.00
   -15.00   -40.00    -2.80     6.21    22.45    -0.48    -1.17    -4.81    -4.75     0.17   -13.77   -18.54   269.58     0.00
   -20.00     0.00    21.91     5.64    11.97    -2.05     1.21    -4.81    -5.00    -0.38   -11.54    -1.04     0.00   815.78
   -20.00     5.00    39.96     5.27     8.23    -2.27     2.14    -4.84    -5.08    -0.43    -8.95     3.07     0.00  1026.71
   -20.00    10.00    84.23     4.62     4.19    -2.44     3.24    -4.87    -5.17    -0.48    -6.30     7.13     0.00  1251.05
   -20.00    15.00   365.83     1.48    -2.34    -2.54     4.49    -4.91    -5.27    -0.53    -3.58    11.14     0.00  1488.42
   -20.00    20.00  -245.62     7.60     0.40    -2.59     5.90    -4.95    -5.37    -0.58    -0.84    15.09     0.00  1738.52
   -20.00    25.00  -105.91     5.91    -4.65    -2.57     7.45    -4.99    -5.48    -0.62     1.93    18.99     0.00  2001.12
   -20.00    30.00   -71.95     5.31    -8.60    -2.48     9.14    -5.04    -5.60    -0.66     4.70    22.83     0.00  2276.05
   -20.00    35.00   -56.30     4.90   -12.32    -2.32    10.95    -5.09    -5.72    -0.70     7.46    26.63     0.00  2563.19
   -20.00    40.00   -47.06     4.56   -15.96    -2.11    12.89    -5.14    -5.85    -0.73    10.22    30.37     0.00  2862.41
   -20.00     0.00    21.91     5.64    11.97    -2.05     1.21    -4.81    -5.00    -0.38   -11.54    -1.04     0.00   815.78
   -20.00    -5.00    12.22     5.89    15.57    -1.79     0.45    -4.79    -4.93    -0.32   -14.02    -5.22     0.00   618.80
   -20.00   -10.00     6.39     6.08    19.06    -1.49    -0.11    -4.77    -4.86    -0.25   -16.36    -9.46     0.00   436.45
   -20.00   -15.00     2.53     6.20    22.03    -1.15    -0.54    -4.76    -4.81    -0.15   -17.77   -13.72    26.70   258.50
   -20.00   -20.00    -0.00     6.27    24.37    -0.81    -0.81    -4.76    -4.76     0.00   -18.01   -18.01    87.08    87.08
   -20.00   -25.00    -0.75     6.29    25.72    -0.62    -0.84    -4.76    -4.74     0.09   -18.15   -20.53   119.15     0.00
   -20.00   -30.00    -0.75     6.29    25.72    -0.62    -0.84    -4.76    -4.74     0.09   -18.15   -20.53   119.15     0.00
   -20.00   -35.00    -0.75     6.29    25.72    -0.62    -0.84    -4.76    -4.74     0.09   -18.15   -20.53   119.15     0.00
   -20.00   -40.00    -0.75     6.29    25.72    -0.62    -0.84    -4.76    -4.74     0.09   -18.15   -20.53   119.15     0.00
   -25.00     0.00    21.91     5.64    11.97    -2.05     1.21    -4.81    -5.00    -0.38   -11.54    -1.04     0.00   815.78
   -25.00     5.00    39.96     5.27     8.23    -2.27     2.14    -4.84    -5.08    -0.43    -8.95     3.07     0.00  1026.71
   -25.00    10.00    84.23     4.62     4.19    -2.44     3.24    -4.87    -5.17    -0.48    -6.30     7.13     0.00  1251.05
   -25.00    15.00   365.83     1.48    -2.34    -2.54     4.49    -4.91    -5.27    -0.53    -3.58    11.14     0.00  1488.42
   -25.00    20.00  -245.62     7.60     0.40    -2.59     5.90    -4.95    -5.37    -0.58    -0.84    15.09     0.00  1738.52
   -25.00    25.00  -105.91     5.91    -4.65    -2.57     7.45    -4.99    -5.48    -0.62     1.93    18.99     0.00  2001.12
   -25.00    30.00   -71.95     5.31    -8.60    -2.48     9.14    -5.04    -5.60    -0.66     4.70    22.83     0.00  2276.05
   -25.00    35.00   -56.30     4.90   -12.32    -2.32    10.95    -5.09    -5.72    -0.70     7.46    26.63     0.00  2563.19
   -25.00    40.00   -47.06     4.56   -15.96    -2.11    12.89    -5.14    -5.85    -0.73    10.22    30.37     0.00  2862.41
   -25.00     0.00    21.91     5.64    11.97    -2.05     1.21    -4.81    -5.00    -0.38   -11.54    -1.04     0.00   815.78
   -25.00    -5.00    12.22     5.89    15.57    -1.79     0.45    -4.79    -4.93    -0.32   -14.02    -5.22     0.00   618.80
   -25.00   -10.00     6.39     6.08    19.06    -1.49    -0.11    -4.77    -4.86    -0.25   -16.36    -9.46     0.00   436.45
   -25.00   -15.00     2.80     6.21    22.45    -1.17    -0.48    -4.75    -4.81    -0.17   -18.54   -13.77     0.00   269.58
   -25.00   -20.00     0.75     6.29    25.72    -0.84    -0.62    -4.74    -4.76    -0.09   -20.53   -18.15     0.00   119.15
   -25.00   -25.00    -0.00     6.31    28.51    -0.56    -0.56    -4.73    -4.73    -0.00   -22.10   -22.10     0.00     0.00
   -25.00   -30.00     0.00     6.31    28.51    -0.56    -0.56    -4.73    -4.73    -0.00   -22.10   -22.10     0.00     0.00
   -25.00   -35.00     0.00     6.31    28.51    -0.56    -0.56    -4.73    -4.73    -0.00   -22.10   -22.10     0.00     0.00
   -25.00   -40.00     0.00     6.31    28.51    -0.56    -0.56    -4.73    -4.73    -0.00   -22.10   -22.10     0.00     0.00
   -30.00     0.00    21.91     5.64    11.97    -2.05     1.21    -4.81    -5.00    -0.38   -11.54    -1.04     0.00   815.78
   -30.00     5.00    39.96     5.27     8.23    -2.27     2.14    -4.84    -5.08    -0.43    -8.95     3.07     0.00  1026.71
   -30.00    10.00    84.23     4.62     4.19    -2.44     3.24    -4.87    -5.17    -0.48    -6.30     7.13     0.00  1251.05
   -30.00    15.00   365.83     1.48    -2.34    -2.54     4.49    -4.91    -5.27    -0.53    -3.58    11.14     0.00  1488.42
   -30.00    20.00  -245.62     7.60     0.40    -2.59     5.90    -4.95    -5.37    -0.58    -0.84    15.09     0.00  1738.52
   -30.00    25.00  -105.91     5.91    -4.65    -2.57     7.45    -4.99    -5.48    -0.62     1.93    18.99     0.00  2001.12
   -30.00    30.00   -71.95     5.31    -8.60    -2.48     9.14    -5.04    -5.60    -0.66     4.70    22.83     0.00  2276.05
   -30.00    35.00   -56.30     4.90   -12.32    -2.32    10.95    -5.09    -5.72    -0.70     7.46    26.63     0.00  2563.19
   -30.00    40.00   -47.06     4.56   -15.96    -2.11    12.89    -5.14    -5.85    -0.73    10.22    30.37     0.00  2862.41
   -30.00     0.00    21.91     5.64    11.97    -2.05     1.21    -4.81    -5.00    -0.38   -11.54    -1.04     0.00   815.78
   -30.00    -5.00    12.22     5.89    15.57    -1.79     0.45    -4.79    -4.93    -0.32   -14.02    -5.22     0.00   618.80
   -30.00   -10.00     6.39     6.08    19.06    -1.49    -0.11    -4.77    -4.86    -0.25   -16.36    -9.46     0.00   436.45
   -30.00   -15.00     2.80     6.21    22.45    -1.17    -0.48    -4.75    -4.81    -0.17   -18.54   -13.77     0.00   269.58
   -30.00   -20.00     0.75     6.29    25.72    -0.84    -0.62    -4.74    -4.76    -0.09   -20.53   -18.15     0.00   119.15
   -30.00   -25.00    -0.00     6.31    28.51    -0.56    -0.56    -4.73    -4.73    -0.00   -22.10   -22.10     0.00     0.00
   -30.00   -30.00     0.00     6.31    28.51    -0.56    -0.56    -4.73    -4.73    -0.00   -22.10   -22.10     0.00     0.00
   -30.00   -35.00     0.00     6.31    28.51    -0.56    -0.56    -4.73    -4.73    -0.00   -22.10   -22.10     0.00     0.00
   -30.00   -40.00     0.00     6.31    28.51    -0.56    -0.56    -4.73    -4.73    -0.00   -22.10   -22.10     0.00     0.00
   -35.00     0.00    21.91     5.64    11.97    -2.05     1.21    -4.81    -5.00    -0.38   -11.54    -1.04     0.00   815.78
   -35.00     5.00    39.96     5.27     8.23    -2.27     2.14    -4.84    -5.08    -0.43    -8.95     3.07     0.00  1026.71
   -35.00    10.00    84.23     4.62     4.19    -2.44     3.24    -4.87    -5.17    -0.48    -6.30     7.13     0.00  1251.05
   -35.00    15.00   365.83     1.48    -2.34    -2.54     4.49    -4.91    -5.27    -0.53    -3.58    11.14     0.00  1488.42
   -35.00    20.00  -245.62     7.60     0.40    -2.59     5.90    -4.95    -5.37    -0.58    -0.84    15.09     0.00  1738.52
   -35.00    25.00  -105.91     5.91    -4.65    -2.57     7.45    -4.99    -5.48    -0.62     1.93    18.99     0.00  2001.12
   -35.00    30.00   -71.95     5.31    -8.60    -2.48     9.14    -5.04    -5.60    -0.66     4.70    22.83     0.00  2276.05
   -35.00    35.00   -56.30     4.90   -12.32    -2.32    10.95    -5.09    -5.72    -0.70     7.46    26.63     0.00  2563.19
   -35.00    40.00   -47.06     4.56   -15.96    -2.11    12.89    -5.14    -5.85    -0.73    10.22    30.37     0.00  2862.41
   -35.00     0.00    21.91     5.64    11.97    -2.05     1.21    -4.81    -5.00    -0.38   -11.54    -1.04     0.00   815.78
   -35.00    -5.00    12.22     5.89    15.57    -1.79     0.45    -4.79    -4.93    -0.32   -14.02    -5.22     0.00   618.80
   -35.00   -10.00     6.39     6.08    19.06    -1.49    -0.11    -4.77    -4.86    -0.25   -16.36    -9.46     0.00   436.45
   -35.00   -15.00     2.80     6.21    22.45    -1.17    -0.48    -4.75    -4.81    -0.17   -18.54   -13.77     0.00   269.58
   -35.00   -20.00     0.75     6.29    25.72    -0.84    -0.62    -4.74    -4.76    -0.09   -20.53   -18.15     0.00   119.15
   -35.00   -25.00    -0.00     6.31    28.51    -0.56    -0.56    -4.73    -4.73    -0.00   -22.10   -22.10     0.00     0.00
   -35.00   -30.00     0.00     6.31    28.51    -0.56    -0.56    -4.73    -4.73    -0.00   -22.10   -22.10     0.00     0.00
   -35.00   -35.00     0.00     6.31    28.51    -0.56    -0.56    -4.73    -4.73    -0.00   -22.10   -22.10     0.00     0.00
   -35.00   -40.00     0.00     6.31    28.51    -0.56    -0.56    -4.73    -4.73    -0.00   -22.10   -22.10     0.00     0.00
   -40.00     0.00    21.91     5.64    11.97    -2.05     1.21    -4.81    -5.00    -0.38   -11.54    -1.04     0.00   815.78
   -40.00     5.00    39.96     5.27     8.23    -2.27     2.14    -4.84    -5.08    -0.43    -8.95     3.07     0.00  1026.71
   -40.00    10.00    84.23     4.62     4.19    -2.44     3.24    -4.87    -5.17    -0.48    -6.30     7.13     0.00  1251.05
   -40.00    15.00   365.83     1.48    -2.34    -2.54     4.49    -4.91    -5.27    -0.53    -3.58    11.14     0.00  1488.42
   -40.00    20.00  -245.62     7.60     0.40    -2.59     5.90    -4.95    -5.37    -0.58    -0.84    15.09     0.00  1738.52
   -40.00    25.00  -105.91     5.91    -4.65    -2.57     7.45    -4.99    -5.48    -0.62     1.93    18.99     0.00  2001.12
   -40.00    30.00   -71.95     5.31    -8.60    -2.48     9.14    -5.04    -5.60    -0.66     4.70    22.83     0.00  2276.05
   -40.00    35.00   -56.30     4.90   -12.32    -2.32    10.95    -5.09    -5.72    -0.70     7.46    26.63     0.00  2563.19
   -40.00    40.00   -47.06     4.56   -15.96    -2.11    12.89    -5.14    -5.85    -0.73    10.22    30.37     0.00  2862.41
   -40.00     0.00    21.91     5.64    11.97    -2.05     1.21    -4.81    -5.00    -0.38   -11.54    -1.04     0.00   815.78
   -40.00    -5.00    12.22     5.89    15.57    -1.79     0.45    -4.79    -4.93    -0.32   -14.02    -5.22     0.00   618.80
   -40.00   -10.00     6.39     6.08    19.06    -1.49    -0.11    -4.77    -4.86    -0.25   -16.36    -9.46     0.00   436.45
   -40.00   -15.00     2.80     6.21    22.45    -1.17    -0.48    -4.75    -4.81    -0.17   -18.54   -13.77     0.00   269.58
   -40.00   -20.00     0.75     6.29    25.72    -0.84    -0.62    -4.74    -4.76    -0.09   -20.53   -18.15     0.00   119.15
   -40.00   -25.00    -0.00     6.31    28.51    -0.56    -0.56    -4.73    -4.73    -0.00   -22.10   -22.10     0.00     0.00
   -40.00   -30.00     0.00     6.31    28.51    -0.56    -0.56    -4.73    -4.73    -0.00   -22.10   -22.10     0.00     0.00
   -40.00   -35.00     0.00     6.31    28.51    -0.56    -0.56    -4.73    -4.73    -0.00   -22.10   -22.10     0.00     0.00
   -40.00   -40.00     0.00     6.31    28.51    -0.56    -0.56    -4.73    -4.73    -0.00   -22.10   -22.10     0.00     0.00
