
  ----------------------------------------------------------------------------------------------------------------------------
  IPGKinematics  Version 3.6.11                                           Model: Querlenker                                   
  ----------------------------------------------------------------------------------------------------------------------------

   Table: Compliance - Torque Z at Wheel Center                           Demo data                                           

   WhTra  TorquZ_L TorquZ_R   TraX_L   TraX_R   TraY_L   TraY_R   TraZ_L   TraZ_R   RotX_L   RotX_R   RotY_L   RotY_R   RotZ_L   RotZ_R WhlLoadL WhlLoadR
     [mm]     [Nm]     [Nm]     [mm]     [mm]     [mm]     [mm]     [mm]     [mm]    [deg]    [deg]    [deg]    [deg]    [deg]    [deg]      [N]      [N]

     0.00   100.00     0.00    -0.26    -0.00     0.06     0.00    -0.02     0.01     4.97    -5.00    -0.07    -0.00     0.17    -0.00   567.62   557.97
     0.00  -100.00     0.00     0.26     0.00    -0.06    -0.00     0.02    -0.01     5.03    -5.00     0.07     0.00    -0.17     0.00   552.80   562.00
     0.00     0.00   100.00     0.00     0.26     0.00     0.06    -0.01     0.02     5.00    -5.03     0.00     0.07    -0.00     0.17   562.00   552.80
     0.00     0.00  -100.00    -0.00    -0.26    -0.00    -0.06     0.01    -0.02     5.00    -4.97    -0.00    -0.07     0.00    -0.17   557.97   567.62
     5.00   100.00     0.00    -0.54    -0.29    -0.30     0.36     4.38     4.41     5.05    -5.08    -0.14    -0.07     0.15     0.01   709.16   698.50
     5.00  -100.00     0.00    -0.03    -0.28    -0.42     0.36     4.43     4.40     5.12    -5.08    -0.00    -0.07    -0.18     0.01   692.31   702.57
     5.00     0.00   100.00    -0.28    -0.03    -0.36     0.42     4.40     4.43     5.08    -5.12    -0.07    -0.00    -0.01     0.18   702.57   692.31
     5.00     0.00  -100.00    -0.29    -0.54    -0.36     0.30     4.41     4.38     5.08    -5.05    -0.07    -0.14    -0.01    -0.15   698.50   709.16
    10.00   100.00     0.00    -0.82    -0.56    -0.73     0.79     8.74     8.78     5.14    -5.18    -0.20    -0.14     0.14     0.03   860.01   848.43
    10.00  -100.00     0.00    -0.31    -0.56    -0.85     0.79     8.80     8.76     5.21    -5.18    -0.07    -0.14    -0.19     0.03   841.27   852.48
    10.00     0.00   100.00    -0.56    -0.31    -0.79     0.85     8.76     8.80     5.18    -5.21    -0.14    -0.07    -0.03     0.19   852.48   841.27
    10.00     0.00  -100.00    -0.56    -0.82    -0.79     0.73     8.78     8.74     5.18    -5.14    -0.14    -0.20    -0.03    -0.14   848.43   860.01
    15.00   100.00     0.00    -1.09    -0.83    -1.23     1.29    13.06    13.10     5.24    -5.28    -0.26    -0.20     0.12     0.04  1020.33  1007.93
    15.00  -100.00     0.00    -0.58    -0.83    -1.35     1.29    13.12    13.08     5.31    -5.28    -0.13    -0.20    -0.20     0.04   999.82  1011.89
    15.00     0.00   100.00    -0.83    -0.58    -1.29     1.35    13.08    13.12     5.28    -5.31    -0.20    -0.13    -0.04     0.20  1011.89   999.82
    15.00     0.00  -100.00    -0.83    -1.09    -1.29     1.23    13.10    13.06     5.28    -5.24    -0.20    -0.26    -0.04    -0.12  1007.93  1020.33
    20.00   100.00     0.00    -1.35    -1.10    -1.79     1.85    17.33    17.38     5.35    -5.39    -0.32    -0.26     0.10     0.06  1190.26  1177.13
    20.00  -100.00     0.00    -0.85    -1.10    -1.91     1.85    17.41    17.36     5.42    -5.39    -0.20    -0.26    -0.22     0.06  1168.11  1180.95
    20.00     0.00   100.00    -1.10    -0.85    -1.85     1.91    17.36    17.41     5.39    -5.42    -0.26    -0.20    -0.06     0.22  1180.95  1168.11
    20.00     0.00  -100.00    -1.10    -1.35    -1.85     1.79    17.38    17.33     5.39    -5.35    -0.26    -0.32    -0.06    -0.10  1177.13  1190.26
    25.00   100.00     0.00    -1.60    -1.35    -2.41     2.47    21.57    21.61     5.47    -5.50    -0.38    -0.32     0.07     0.09  1369.91  1356.12
    25.00  -100.00     0.00    -1.10    -1.35    -2.53     2.47    21.65    21.60     5.54    -5.50    -0.25    -0.32    -0.24     0.09  1346.24  1359.77
    25.00     0.00   100.00    -1.35    -1.10    -2.47     2.53    21.60    21.65     5.50    -5.54    -0.32    -0.25    -0.09     0.24  1359.77  1346.24
    25.00     0.00  -100.00    -1.35    -1.60    -2.47     2.41    21.61    21.57     5.50    -5.47    -0.32    -0.38    -0.09    -0.07  1356.12  1369.91
    30.00   100.00     0.00    -1.85    -1.60    -3.09     3.15    25.76    25.81     5.59    -5.63    -0.43    -0.37     0.05     0.11  1559.40  1545.02
    30.00  -100.00     0.00    -1.36    -1.60    -3.21     3.15    25.84    25.79     5.66    -5.63    -0.31    -0.37    -0.27     0.11  1534.31  1548.45
    30.00     0.00   100.00    -1.60    -1.36    -3.15     3.21    25.79    25.84     5.63    -5.66    -0.37    -0.31    -0.11     0.27  1548.45  1534.31
    30.00     0.00  -100.00    -1.60    -1.85    -3.15     3.09    25.81    25.76     5.63    -5.59    -0.37    -0.43    -0.11    -0.05  1545.02  1559.40
    35.00   100.00     0.00    -2.10    -1.85    -3.82     3.89    29.90    29.96     5.73    -5.76    -0.48    -0.42     0.02     0.14  1758.80  1743.91
    35.00  -100.00     0.00    -1.60    -1.85    -3.95     3.89    29.99    29.94     5.79    -5.76    -0.36    -0.42    -0.29     0.14  1732.41  1747.09
    35.00     0.00   100.00    -1.85    -1.60    -3.89     3.95    29.94    29.99     5.76    -5.79    -0.42    -0.36    -0.14     0.29  1747.09  1732.41
    35.00     0.00  -100.00    -1.85    -2.10    -3.89     3.82    29.96    29.90     5.76    -5.73    -0.42    -0.48    -0.14    -0.02  1743.91  1758.80
    40.00   100.00     0.00    -2.33    -2.09    -4.61     4.68    34.01    34.06     5.86    -5.90    -0.53    -0.47    -0.01     0.17  1968.20  1952.85
    40.00  -100.00     0.00    -1.84    -2.09    -4.75     4.68    34.10    34.05     5.93    -5.90    -0.41    -0.47    -0.32     0.17  1940.61  1955.77
    40.00     0.00   100.00    -2.09    -1.84    -4.68     4.75    34.05    34.10     5.90    -5.93    -0.47    -0.41    -0.17     0.32  1955.77  1940.61
    40.00     0.00  -100.00    -2.09    -2.33    -4.68     4.61    34.06    34.01     5.90    -5.86    -0.47    -0.53    -0.17     0.01  1952.85  1968.20
    -5.00   100.00     0.00     0.03     0.29     0.35    -0.29    -4.46    -4.44     4.89    -4.93     0.00     0.07     0.18    -0.01   435.21   426.66
    -5.00  -100.00     0.00     0.55     0.29     0.23    -0.29    -4.43    -4.45     4.96    -4.93     0.14     0.07    -0.16    -0.01   422.54   430.57
    -5.00     0.00   100.00     0.29     0.55     0.29    -0.23    -4.45    -4.43     4.93    -4.96     0.07     0.14     0.01     0.16   430.57   422.54
    -5.00     0.00  -100.00     0.29     0.03     0.29    -0.35    -4.44    -4.46     4.93    -4.89     0.07     0.00     0.01    -0.18   426.66   435.21
   -10.00   100.00     0.00     0.33     0.59     0.57    -0.51    -8.94    -8.92     4.83    -4.86     0.08     0.15     0.18    -0.01   311.69   304.36
   -10.00  -100.00     0.00     0.85     0.59     0.45    -0.51    -8.92    -8.94     4.89    -4.86     0.22     0.15    -0.16    -0.01   301.31   308.06
   -10.00     0.00   100.00     0.59     0.85     0.51    -0.45    -8.94    -8.92     4.86    -4.89     0.15     0.22     0.01     0.16   308.06   301.31
   -10.00     0.00  -100.00     0.59     0.33     0.51    -0.57    -8.92    -8.94     4.86    -4.83     0.15     0.08     0.01    -0.18   304.36   311.69
   -15.00   100.00     0.00     0.63     0.90     0.71    -0.65   -13.46   -13.45     4.77    -4.81     0.15     0.23     0.19    -0.02   196.78   190.78
   -15.00  -100.00     0.00     1.17     0.90     0.58    -0.65   -13.45   -13.46     4.84    -4.81     0.30     0.23    -0.16    -0.01   188.83   194.19
   -15.00     0.00   100.00     0.90     1.17     0.65    -0.58   -13.46   -13.45     4.81    -4.84     0.23     0.30     0.01     0.16   194.19   188.83
   -15.00     0.00  -100.00     0.90     0.63     0.65    -0.71   -13.45   -13.46     4.81    -4.77     0.23     0.15     0.02    -0.19   190.78   196.78
   -20.00   100.00     0.00     0.95     1.22     0.77    -0.71   -18.02   -18.01     4.73    -4.76     0.23     0.31     0.19    -0.01    90.16    85.58
   -20.00  -100.00     0.00     1.48     1.22     0.64    -0.71   -18.01   -18.02     4.80    -4.76     0.38     0.31    -0.16    -0.01    84.75    88.61
   -20.00     0.00   100.00     1.22     1.48     0.71    -0.64   -18.02   -18.01     4.76    -4.80     0.31     0.38     0.01     0.16    88.61    84.75
   -20.00     0.00  -100.00     1.22     0.95     0.71    -0.77   -18.01   -18.02     4.76    -4.73     0.31     0.23     0.01    -0.19    85.58    90.16
   -25.00   100.00     0.00     1.23     1.50     0.75    -0.69   -22.15   -22.07     4.69    -4.73     0.31     0.38     0.19    -0.01     0.00     0.00
   -25.00  -100.00     0.00     1.77     1.51     0.63    -0.69   -22.08   -22.14     4.77    -4.73     0.46     0.38    -0.17    -0.01     0.00     0.00
   -25.00     0.00   100.00     1.51     1.77     0.69    -0.63   -22.14   -22.08     4.73    -4.77     0.38     0.46     0.01     0.17     0.00     0.00
   -25.00     0.00  -100.00     1.50     1.23     0.69    -0.75   -22.07   -22.15     4.73    -4.69     0.38     0.31     0.01    -0.19     0.00     0.00
   -30.00   100.00     0.00     1.23     1.50     0.75    -0.69   -22.15   -22.07     4.69    -4.73     0.31     0.38     0.19    -0.01     0.00     0.00
   -30.00  -100.00     0.00     1.77     1.51     0.63    -0.69   -22.08   -22.14     4.77    -4.73     0.46     0.38    -0.17    -0.01     0.00     0.00
   -30.00     0.00   100.00     1.51     1.77     0.69    -0.63   -22.14   -22.08     4.73    -4.77     0.38     0.46     0.01     0.17     0.00     0.00
   -30.00     0.00  -100.00     1.50     1.23     0.69    -0.75   -22.07   -22.15     4.73    -4.69     0.38     0.31     0.01    -0.19     0.00     0.00
   -35.00   100.00     0.00     1.23     1.50     0.75    -0.69   -22.15   -22.07     4.69    -4.73     0.31     0.38     0.19    -0.01     0.00     0.00
   -35.00  -100.00     0.00     1.77     1.51     0.63    -0.69   -22.08   -22.14     4.77    -4.73     0.46     0.38    -0.17    -0.01     0.00     0.00
   -35.00     0.00   100.00     1.51     1.77     0.69    -0.63   -22.14   -22.08     4.73    -4.77     0.38     0.46     0.01     0.17     0.00     0.00
   -35.00     0.00  -100.00     1.50     1.23     0.69    -0.75   -22.07   -22.15     4.73    -4.69     0.38     0.31     0.01    -0.19     0.00     0.00
   -40.00   100.00     0.00     1.23     1.50     0.75    -0.69   -22.15   -22.07     4.69    -4.73     0.31     0.38     0.19    -0.01     0.00     0.00
   -40.00  -100.00     0.00     1.77     1.51     0.63    -0.69   -22.08   -22.14     4.77    -4.73     0.46     0.38    -0.17    -0.01     0.00     0.00
   -40.00     0.00   100.00     1.51     1.77     0.69    -0.63   -22.14   -22.08     4.73    -4.77     0.38     0.46     0.01     0.17     0.00     0.00
   -40.00     0.00  -100.00     1.50     1.23     0.69    -0.75   -22.07   -22.15     4.73    -4.69     0.38     0.31     0.01    -0.19     0.00     0.00
