
  ----------------------------------------------------------------------------------------------------------------------------
  IPGKinematics  Version 3.6.11                                           Model: Querlenker                                   
  ----------------------------------------------------------------------------------------------------------------------------

   Table: Compliance - Force Z at Wheel Center                            Demo data                                           

   WhTra  ForceZ_L ForceZ_R   TraX_L   TraX_R   TraY_L   TraY_R   TraZ_L   TraZ_R   RotX_L   RotX_R   RotY_L   RotY_R   RotZ_L   RotZ_R WhlLoadL WhlLoadR
     [mm]      [N]      [N]     [mm]     [mm]     [mm]     [mm]     [mm]     [mm]    [deg]    [deg]    [deg]    [deg]    [deg]    [deg]      [N]      [N]

     0.00  1000.00     0.00    -0.46    -0.03    -0.55     0.08     6.69     0.71     5.14    -5.00    -0.09    -0.03    -0.03    -0.01     0.00   385.07
     0.00 -1000.00     0.00     0.23     0.01     0.21    -0.04    -3.29    -0.32     4.94    -5.00     0.05     0.01     0.00     0.01  1369.79   639.42
     0.00     0.00  1000.00    -0.03    -0.46    -0.08     0.55     0.71     6.69     5.00    -5.14    -0.03    -0.09     0.01     0.03   385.07     0.00
     0.00     0.00 -1000.00     0.01     0.23     0.04    -0.21    -0.32    -3.29     5.00    -4.94     0.01     0.05    -0.01    -0.00   639.42  1369.79
     5.00  1000.00     0.00    -0.58    -0.30    -0.76     0.43     8.66     4.90     5.18    -5.08    -0.12    -0.09    -0.03     0.00     0.00   579.79
     5.00 -1000.00     0.00    -0.06    -0.27    -0.10     0.32     1.18     4.05     5.02    -5.08    -0.02    -0.05    -0.00     0.02  1494.57   786.98
     5.00     0.00  1000.00    -0.30    -0.58    -0.43     0.76     4.90     8.66     5.08    -5.18    -0.09    -0.12    -0.00     0.03   579.79     0.00
     5.00     0.00 -1000.00    -0.27    -0.06    -0.32     0.10     4.05     1.18     5.08    -5.02    -0.05    -0.02    -0.02     0.00   786.98  1494.57
    10.00  1000.00     0.00    -0.78    -0.58    -1.12     0.85    11.87     9.16     5.25    -5.18    -0.18    -0.15    -0.04     0.02    86.67   755.24
    10.00 -1000.00     0.00    -0.34    -0.55    -0.49     0.74     5.61     8.39     5.11    -5.18    -0.09    -0.12    -0.02     0.03  1629.21   943.31
    10.00     0.00  1000.00    -0.58    -0.78    -0.85     1.12     9.16    11.87     5.18    -5.25    -0.15    -0.18    -0.02     0.04   755.24    86.67
    10.00     0.00 -1000.00    -0.55    -0.34    -0.74     0.49     8.39     5.61     5.18    -5.11    -0.12    -0.09    -0.03     0.02   943.31  1629.21
    15.00  1000.00     0.00    -1.04    -0.85    -1.66     1.36    16.13    13.50     5.36    -5.28    -0.24    -0.22    -0.06     0.04   260.33   909.14
    15.00 -1000.00     0.00    -0.62    -0.82    -0.94     1.22     9.99    12.69     5.20    -5.28    -0.16    -0.18    -0.03     0.05  1773.86  1108.57
    15.00     0.00  1000.00    -0.85    -1.04    -1.36     1.66    13.50    16.13     5.28    -5.36    -0.22    -0.24    -0.04     0.06   909.14   260.33
    15.00     0.00 -1000.00    -0.82    -0.62    -1.22     0.94    12.69     9.99     5.28    -5.20    -0.18    -0.16    -0.05     0.03  1108.57  1773.86
    20.00  1000.00     0.00    -1.30    -1.11    -2.26     1.93    20.35    17.80     5.47    -5.39    -0.29    -0.28    -0.08     0.06   443.24  1073.25
    20.00 -1000.00     0.00    -0.89    -1.08    -1.46     1.77    14.33    16.95     5.30    -5.38    -0.22    -0.24    -0.05     0.07  1928.64  1282.94
    20.00     0.00  1000.00    -1.11    -1.30    -1.93     2.26    17.80    20.35     5.39    -5.47    -0.28    -0.29    -0.06     0.08  1073.25   443.24
    20.00     0.00 -1000.00    -1.08    -0.89    -1.77     1.46    16.95    14.33     5.38    -5.30    -0.24    -0.22    -0.07     0.05  1282.94  1928.64
    25.00  1000.00     0.00    -1.55    -1.37    -2.92     2.56    24.53    22.06     5.59    -5.51    -0.35    -0.34    -0.10     0.08   635.55  1247.64
    25.00 -1000.00     0.00    -1.15    -1.34    -2.04     2.38    18.63    21.16     5.41    -5.50    -0.28    -0.30    -0.07     0.09  2093.63  1466.59
    25.00     0.00  1000.00    -1.37    -1.55    -2.56     2.92    22.06    24.53     5.51    -5.59    -0.34    -0.35    -0.08     0.10  1247.64   635.55
    25.00     0.00 -1000.00    -1.34    -1.15    -2.38     2.04    21.16    18.63     5.50    -5.41    -0.30    -0.28    -0.09     0.07  1466.59  2093.63
    30.00  1000.00     0.00    -1.80    -1.62    -3.63     3.25    28.67    26.26     5.72    -5.63    -0.40    -0.39    -0.13     0.10   837.38  1432.38
    30.00 -1000.00     0.00    -1.41    -1.59    -2.69     3.05    22.88    25.34     5.53    -5.62    -0.34    -0.35    -0.09     0.12  2268.90  1659.64
    30.00     0.00  1000.00    -1.62    -1.80    -3.25     3.63    26.26    28.67     5.63    -5.72    -0.39    -0.40    -0.10     0.13  1432.38   837.38
    30.00     0.00 -1000.00    -1.59    -1.41    -3.05     2.69    25.34    22.88     5.62    -5.53    -0.35    -0.34    -0.12     0.09  1659.64  2268.90
    35.00  1000.00     0.00    -2.04    -1.86    -4.40     4.00    32.76    30.43     5.86    -5.76    -0.45    -0.44    -0.16     0.13  1048.87  1627.51
    35.00 -1000.00     0.00    -1.66    -1.84    -3.39     3.78    27.08    29.48     5.66    -5.75    -0.39    -0.40    -0.12     0.14  2454.51  1862.22
    35.00     0.00  1000.00    -1.86    -2.04    -4.00     4.40    30.43    32.76     5.76    -5.86    -0.44    -0.45    -0.13     0.16  1627.51  1048.87
    35.00     0.00 -1000.00    -1.84    -1.66    -3.78     3.39    29.48    27.08     5.75    -5.66    -0.40    -0.39    -0.14     0.12  1862.22  2454.51
    40.00  1000.00     0.00    -2.27    -2.10    -5.22     4.80    36.81    34.55     6.00    -5.90    -0.49    -0.49    -0.19     0.16  1270.10  1833.07
    40.00 -1000.00     0.00    -1.90    -2.08    -4.15     4.56    31.24    33.57     5.80    -5.89    -0.45    -0.45    -0.15     0.17  2650.50  2074.44
    40.00     0.00  1000.00    -2.10    -2.27    -4.80     5.22    34.55    36.81     5.90    -6.00    -0.49    -0.49    -0.16     0.19  1833.07  1270.10
    40.00     0.00 -1000.00    -2.08    -1.90    -4.56     4.15    33.57    31.24     5.89    -5.80    -0.45    -0.45    -0.17     0.15  2074.44  2650.50
    -5.00  1000.00     0.00    -0.35     0.26    -0.36    -0.20     4.79    -3.54     5.11    -4.92    -0.05     0.03    -0.02    -0.03     0.00   207.88
    -5.00 -1000.00     0.00     0.53     0.30     0.45    -0.32    -7.80    -4.74     4.87    -4.93     0.13     0.09     0.01    -0.00  1254.65   500.40
    -5.00     0.00  1000.00     0.26    -0.35     0.20     0.36    -3.54     4.79     4.92    -5.11     0.03    -0.05     0.03     0.02   207.88     0.00
    -5.00     0.00 -1000.00     0.30     0.53     0.32    -0.45    -4.74    -7.80     4.93    -4.87     0.09     0.13     0.00    -0.01   500.40  1254.65
   -10.00  1000.00     0.00    -0.24     0.55    -0.19    -0.42     2.99    -7.88     5.08    -4.85    -0.02     0.10    -0.02    -0.04     0.00    49.23
   -10.00 -1000.00     0.00     0.84     0.60     0.61    -0.53   -12.36    -9.19     4.82    -4.86     0.21     0.16     0.01    -0.01  1148.89   369.71
   -10.00     0.00  1000.00     0.55    -0.24     0.42     0.19    -7.88     2.99     4.85    -5.08     0.10    -0.02     0.04     0.02    49.23     0.00
   -10.00     0.00 -1000.00     0.60     0.84     0.53    -0.61    -9.19   -12.36     4.86    -4.82     0.16     0.21     0.01    -0.01   369.71  1148.89
   -15.00  1000.00     0.00    -0.20     0.65    -0.14    -0.48     2.41    -9.36     5.07    -4.83    -0.01     0.12    -0.02    -0.04     0.00     0.00
   -15.00 -1000.00     0.00     1.16     0.91     0.69    -0.66   -16.96   -13.68     4.77    -4.81     0.29     0.24     0.01    -0.01  1052.12   247.11
   -15.00     0.00  1000.00     0.65    -0.20     0.48     0.14    -9.36     2.41     4.83    -5.07     0.12    -0.01     0.04     0.02     0.00     0.00
   -15.00     0.00 -1000.00     0.91     1.16     0.66    -0.69   -13.68   -16.96     4.81    -4.77     0.24     0.29     0.01    -0.01   247.11  1052.12
   -20.00  1000.00     0.00    -0.20     0.65    -0.14    -0.48     2.41    -9.36     5.07    -4.83    -0.01     0.12    -0.02    -0.04     0.00     0.00
   -20.00 -1000.00     0.00     1.48     1.22     0.69    -0.72   -21.59   -18.20     4.73    -4.76     0.38     0.32     0.00    -0.01   963.79   132.36
   -20.00     0.00  1000.00     0.65    -0.20     0.48     0.14    -9.36     2.41     4.83    -5.07     0.12    -0.01     0.04     0.02     0.00     0.00
   -20.00     0.00 -1000.00     1.22     1.48     0.72    -0.69   -18.20   -21.59     4.76    -4.73     0.32     0.38     0.01    -0.00   132.36   963.79
   -25.00  1000.00     0.00    -0.20     0.65    -0.14    -0.48     2.41    -9.36     5.07    -4.83    -0.01     0.12    -0.02    -0.04     0.00     0.00
   -25.00 -1000.00     0.00     1.81     1.55     0.60    -0.69   -26.25   -22.76     4.71    -4.73     0.47     0.40    -0.01    -0.01   883.17    25.22
   -25.00     0.00  1000.00     0.65    -0.20     0.48     0.14    -9.36     2.41     4.83    -5.07     0.12    -0.01     0.04     0.02     0.00     0.00
   -25.00     0.00 -1000.00     1.55     1.81     0.69    -0.60   -22.76   -26.25     4.73    -4.71     0.40     0.47     0.01     0.01    25.22   883.17
   -30.00  1000.00     0.00    -0.20     0.65    -0.14    -0.48     2.41    -9.36     5.07    -4.83    -0.01     0.12    -0.02    -0.04     0.00     0.00
   -30.00 -1000.00     0.00     2.15     1.69     0.43    -0.65   -30.88   -24.82     4.70    -4.72     0.56     0.44    -0.02    -0.00   792.05     0.00
   -30.00     0.00  1000.00     0.65    -0.20     0.48     0.14    -9.36     2.41     4.83    -5.07     0.12    -0.01     0.04     0.02     0.00     0.00
   -30.00     0.00 -1000.00     1.69     2.15     0.65    -0.43   -24.82   -30.88     4.72    -4.70     0.44     0.56     0.00     0.02     0.00   792.05
   -35.00  1000.00     0.00    -0.20     0.65    -0.14    -0.48     2.41    -9.36     5.07    -4.83    -0.01     0.12    -0.02    -0.04     0.00     0.00
   -35.00 -1000.00     0.00     2.50     1.76     0.16    -0.63   -35.56   -25.82     4.70    -4.72     0.65     0.46    -0.03     0.00   712.17     0.00
   -35.00     0.00  1000.00     0.65    -0.20     0.48     0.14    -9.36     2.41     4.83    -5.07     0.12    -0.01     0.04     0.02     0.00     0.00
   -35.00     0.00 -1000.00     1.76     2.50     0.63    -0.16   -25.82   -35.56     4.72    -4.70     0.46     0.65    -0.00     0.03     0.00   712.17
   -40.00  1000.00     0.00    -0.20     0.65    -0.14    -0.48     2.41    -9.36     5.07    -4.83    -0.01     0.12    -0.02    -0.04     0.00     0.00
   -40.00 -1000.00     0.00     2.85     1.81    -0.21    -0.61   -40.31   -26.51     4.71    -4.71     0.75     0.48    -0.05     0.01   648.96     0.00
   -40.00     0.00  1000.00     0.65    -0.20     0.48     0.14    -9.36     2.41     4.83    -5.07     0.12    -0.01     0.04     0.02     0.00     0.00
   -40.00     0.00 -1000.00     1.81     2.85     0.61     0.21   -26.51   -40.31     4.71    -4.71     0.48     0.75    -0.01     0.05     0.00   648.96
