
  ----------------------------------------------------------------------------------------------------------------------------
  IPGKinematics  Version 3.6.11                                           Model: Querlenker                                   
  ----------------------------------------------------------------------------------------------------------------------------

   Table: Steering Kinematics                                             Demo data                                           

   WhlTra  TraRack  WhlAngL  WhlAngR  CamberL KPOffset  TrackCh Ackerman TrackDif SteerDif AckError AckPCent StRodAng TrackDia  TurnDia
     [mm]     [mm]    [deg]    [deg]    [deg]     [mm]     [mm]    [deg]    [deg]    [deg]    [deg]      [%]    [deg]      [m]      [m]

     0.00     0.00    -0.00     0.00    -5.00    -3.44     0.00     0.00    -0.00    -0.00     0.00     0.00    74.48 ******** ********
     0.00    10.00     3.02     3.01    -4.43    -3.58    -0.65     2.93     0.09     0.01     0.08    15.38    71.78   103.55   104.05
     0.00    20.00     6.06     6.00    -3.79    -3.71    -2.60     5.70     0.36     0.06     0.30    15.71    69.14    51.92    52.47
     0.00    30.00     9.12     9.00    -3.08    -3.82    -5.85     8.35     0.78     0.12     0.65    15.97    66.57    34.72    35.32
     0.00    40.00    12.22    12.00    -2.29    -3.94   -10.39    10.87     1.35     0.22     1.13    16.16    64.05    26.12    26.78
     0.00    50.00    15.35    15.02    -1.44    -4.08   -16.20    13.30     2.05     0.33     1.71    16.27    61.60    20.96    21.67
     0.00    60.00    18.52    18.05    -0.51    -4.24   -23.26    15.65     2.87     0.47     2.40    16.26    59.21    17.52    18.29
     0.00    70.00    21.74    21.12     0.50    -4.45   -31.55    17.94     3.80     0.61     3.19    16.12    56.87    15.07    15.88
     0.00     0.00    -0.00     0.00    -5.00    -3.44     0.00     0.00    -0.00    -0.00     0.00     0.00    74.48 ******** ********
     0.00   -10.00    -3.01    -3.02    -5.51    -3.28    -0.65    -2.93    -0.09    -0.01    -0.08    15.38    77.25   103.55   104.05
     0.00   -20.00    -6.00    -6.06    -5.95    -3.08    -2.60    -5.70    -0.36    -0.06    -0.30    15.71    80.09    51.92    52.47
     0.00   -30.00    -9.00    -9.12    -6.32    -2.84    -5.85    -8.35    -0.78    -0.12    -0.65    15.97    83.01    34.72    35.32
     0.00   -40.00   -12.00   -12.22    -6.64    -2.55   -10.39   -10.87    -1.35    -0.22    -1.13    16.16    86.02    26.12    26.78
     0.00   -50.00   -15.02   -15.35    -6.89    -2.22   -16.20   -13.30    -2.05    -0.33    -1.71    16.27    89.11    20.96    21.67
     0.00   -60.00   -18.05   -18.52    -7.07    -1.84   -23.26   -15.65    -2.87    -0.47    -2.40    16.26    92.30    17.52    18.29
     0.00   -70.00   -21.12   -21.74    -7.19    -1.41   -31.55   -17.94    -3.80    -0.61    -3.19    16.12    95.59    15.07    15.88
     5.00     0.00    -0.01     0.01    -5.08    -3.45     0.18    -0.01     0.00    -0.02     0.02     0.00    74.35 ******** ********
     5.00    10.00     2.99     3.00    -4.51    -3.59    -0.47     2.90     0.09    -0.01     0.10    -9.54    71.65   103.76   104.26
     5.00    20.00     6.01     5.98    -3.87    -3.71    -2.41     5.66     0.35     0.03     0.32     9.41    69.01    52.12    52.67
     5.00    30.00     9.06     8.96    -3.16    -3.83    -5.63     8.29     0.77     0.10     0.67    13.15    66.44    34.87    35.48
     5.00    40.00    12.14    11.94    -2.38    -3.95   -10.13    10.81     1.33     0.19     1.14    14.58    63.92    26.24    26.90
     5.00    50.00    15.25    14.94    -1.53    -4.08   -15.90    13.23     2.02     0.31     1.71    15.27    61.47    21.07    21.78
     5.00    60.00    18.40    17.96    -0.60    -4.25   -22.91    15.57     2.84     0.44     2.39    15.60    59.08    17.61    18.38
     5.00    70.00    21.60    21.01     0.41    -4.45   -31.14    17.84     3.76     0.59     3.17    15.66    56.74    15.15    15.96
     5.00     0.00    -0.01     0.01    -5.08    -3.45     0.18     0.01    -0.00     0.02    -0.02     0.00    74.35 ******** ********
     5.00   -10.00    -3.00    -2.99    -5.59    -3.29    -0.47    -2.90    -0.09     0.01    -0.10    -9.54    77.12   103.76   104.26
     5.00   -20.00    -5.98    -6.01    -6.03    -3.09    -2.41    -5.66    -0.35    -0.03    -0.32     9.41    79.96    52.12    52.67
     5.00   -30.00    -8.96    -9.06    -6.41    -2.85    -5.63    -8.29    -0.77    -0.10    -0.67    13.15    82.88    34.87    35.48
     5.00   -40.00   -11.94   -12.14    -6.73    -2.57   -10.13   -10.81    -1.33    -0.19    -1.14    14.58    85.88    26.24    26.90
     5.00   -50.00   -14.94   -15.25    -6.98    -2.24   -15.90   -13.23    -2.02    -0.31    -1.71    15.27    88.96    21.07    21.78
     5.00   -60.00   -17.96   -18.40    -7.16    -1.86   -22.91   -15.57    -2.84    -0.44    -2.39    15.60    92.15    17.61    18.38
     5.00   -70.00   -21.01   -21.60    -7.29    -1.43   -31.14   -17.84    -3.76    -0.59    -3.17    15.66    95.44    15.15    15.96
    10.00     0.00    -0.03     0.03    -5.18    -3.47     0.32    -0.03     0.00    -0.05     0.05     0.00    74.22 ******** ********
    10.00    10.00     2.96     3.00    -4.60    -3.60    -0.33     2.87     0.09    -0.04     0.13   -42.36    71.52   103.85   104.35
    10.00    20.00     5.97     5.96    -3.96    -3.72    -2.25     5.62     0.35     0.00     0.34     1.14    68.89    52.29    52.84
    10.00    30.00     8.99     8.92    -3.26    -3.83    -5.45     8.24     0.76     0.07     0.69     9.43    66.31    35.01    35.62
    10.00    40.00    12.05    11.89    -2.48    -3.95    -9.92    10.74     1.31     0.16     1.15    12.46    63.80    26.36    27.02
    10.00    50.00    15.15    14.87    -1.63    -4.08   -15.65    13.15     2.00     0.28     1.72    13.90    61.35    21.16    21.87
    10.00    60.00    18.28    17.87    -0.70    -4.25   -22.61    15.48     2.80     0.41     2.39    14.64    58.96    17.70    18.46
    10.00    70.00    21.46    20.90     0.30    -4.45   -30.79    17.75     3.71     0.56     3.16    14.98    56.63    15.22    16.03
    10.00     0.00    -0.03     0.03    -5.18    -3.47     0.32     0.03    -0.00     0.05    -0.05     0.00    74.22 ******** ********
    10.00   -10.00    -3.00    -2.96    -5.68    -3.30    -0.33    -2.87    -0.09     0.04    -0.13   -42.36    76.99   103.85   104.35
    10.00   -20.00    -5.96    -5.97    -6.13    -3.11    -2.25    -5.62    -0.35    -0.00    -0.34     1.14    79.83    52.29    52.84
    10.00   -30.00    -8.92    -8.99    -6.51    -2.87    -5.45    -8.24    -0.76    -0.07    -0.69     9.43    82.74    35.01    35.62
    10.00   -40.00   -11.89   -12.05    -6.82    -2.59    -9.92   -10.74    -1.31    -0.16    -1.15    12.46    85.74    26.36    27.02
    10.00   -50.00   -14.87   -15.15    -7.08    -2.26   -15.65   -13.15    -2.00    -0.28    -1.72    13.90    88.83    21.16    21.87
    10.00   -60.00   -17.87   -18.28    -7.27    -1.88   -22.61   -15.48    -2.80    -0.41    -2.39    14.64    92.01    17.70    18.46
    10.00   -70.00   -20.90   -21.46    -7.39    -1.45   -30.79   -17.75    -3.71    -0.56    -3.16    14.98    95.30    15.22    16.03
    15.00     0.00    -0.04     0.04    -5.28    -3.48     0.41    -0.04     0.00    -0.09     0.09     0.00    74.10 ******** ********
    15.00    10.00     2.93     3.00    -4.70    -3.61    -0.23     2.84     0.09    -0.07     0.16   -83.50    71.40   103.83   104.33
    15.00    20.00     5.91     5.95    -4.07    -3.73    -2.14     5.57     0.34    -0.03     0.37    -9.15    68.77    52.43    52.98
    15.00    30.00     8.93     8.89    -3.36    -3.84    -5.32     8.18     0.75     0.04     0.71     4.77    66.20    35.14    35.74
    15.00    40.00    11.97    11.84    -2.58    -3.96    -9.76    10.67     1.30     0.13     1.17     9.78    63.69    26.47    27.12
    15.00    50.00    15.04    14.80    -1.73    -4.09   -15.45    13.07     1.97     0.24     1.73    12.15    61.24    21.26    21.96
    15.00    60.00    18.16    17.79    -0.81    -4.25   -22.37    15.39     2.77     0.37     2.40    13.41    58.85    17.78    18.54
    15.00    70.00    21.32    20.80     0.19    -4.45   -30.49    17.65     3.67     0.52     3.16    14.06    56.52    15.29    16.10
    15.00     0.00    -0.04     0.04    -5.28    -3.48     0.41     0.04    -0.00     0.09    -0.09     0.00    74.10 ******** ********
    15.00   -10.00    -3.00    -2.93    -5.78    -3.32    -0.23    -2.84    -0.09     0.07    -0.16   -83.50    76.86   103.83   104.33
    15.00   -20.00    -5.95    -5.91    -6.23    -3.12    -2.14    -5.57    -0.34     0.03    -0.37    -9.15    79.70    52.43    52.98
    15.00   -30.00    -8.89    -8.93    -6.61    -2.88    -5.32    -8.18    -0.75    -0.04    -0.71     4.77    82.61    35.14    35.74
    15.00   -40.00   -11.84   -11.97    -6.93    -2.60    -9.76   -10.67    -1.30    -0.13    -1.17     9.78    85.61    26.47    27.12
    15.00   -50.00   -14.80   -15.04    -7.18    -2.27   -15.45   -13.07    -1.97    -0.24    -1.73    12.15    88.69    21.26    21.96
    15.00   -60.00   -17.79   -18.16    -7.38    -1.90   -22.37   -15.39    -2.77    -0.37    -2.40    13.41    91.87    17.78    18.54
    15.00   -70.00   -20.80   -21.32    -7.50    -1.47   -30.49   -17.65    -3.67    -0.52    -3.16    14.06    95.16    15.29    16.10
    20.00     0.00    -0.06     0.06    -5.39    -3.49     0.46     0.06    -0.00     0.13    -0.13     0.00    73.98 ******** ********
    20.00    10.00     2.89     3.00    -4.81    -3.62    -0.17     2.81     0.08    -0.11     0.20  -133.51    71.29   103.70   104.19
    20.00    20.00     5.86     5.93    -4.18    -3.74    -2.07     5.53     0.33    -0.07     0.41   -21.54    68.66    52.54    53.09
    20.00    30.00     8.86     8.86    -3.47    -3.85    -5.22     8.12     0.74    -0.01     0.74    -0.83    66.09    35.25    35.85
    20.00    40.00    11.88    11.80    -2.70    -3.96    -9.64    10.60     1.28     0.08     1.19     6.55    63.59    26.56    27.22
    20.00    50.00    14.94    14.74    -1.85    -4.09   -15.29    12.99     1.95     0.20     1.75    10.02    61.14    21.34    22.05
    20.00    60.00    18.04    17.71    -0.93    -4.25   -22.17    15.30     2.74     0.33     2.41    11.89    58.75    17.85    18.61
    20.00    70.00    21.18    20.71     0.06    -4.45   -30.24    17.55     3.63     0.47     3.16    12.92    56.43    15.36    16.17
    20.00     0.00    -0.06     0.06    -5.39    -3.49     0.46    -0.06     0.00    -0.13     0.13     0.00    73.98 ******** ********
    20.00   -10.00    -3.00    -2.89    -5.89    -3.33    -0.17    -2.81    -0.08     0.11    -0.20  -133.51    76.74   103.70   104.19
    20.00   -20.00    -5.93    -5.86    -6.34    -3.13    -2.07    -5.53    -0.33     0.07    -0.41   -21.54    79.58    52.54    53.09
    20.00   -30.00    -8.86    -8.86    -6.72    -2.90    -5.22    -8.12    -0.74     0.01    -0.74    -0.83    82.49    35.25    35.85
    20.00   -40.00   -11.80   -11.88    -7.04    -2.62    -9.64   -10.60    -1.28    -0.08    -1.19     6.55    85.48    26.56    27.22
    20.00   -50.00   -14.74   -14.94    -7.30    -2.29   -15.29   -12.99    -1.95    -0.20    -1.75    10.02    88.56    21.34    22.05
    20.00   -60.00   -17.71   -18.04    -7.49    -1.91   -22.17   -15.30    -2.74    -0.33    -2.41    11.89    91.74    17.85    18.61
    20.00   -70.00   -20.71   -21.18    -7.62    -1.48   -30.24   -17.55    -3.63    -0.47    -3.16    12.92    95.02    15.36    16.17
    25.00     0.00    -0.09     0.09    -5.50    -3.50     0.48     0.09    -0.00     0.17    -0.17 ********    73.87 ******** ********
    25.00    10.00     2.85     3.01    -4.93    -3.63    -0.15     2.77     0.08    -0.16     0.24  -193.03    71.18   103.46   103.96
    25.00    20.00     5.81     5.92    -4.29    -3.75    -2.03     5.48     0.33    -0.12     0.45   -36.08    68.56    52.62    53.16
    25.00    30.00     8.78     8.84    -3.59    -3.85    -5.17     8.06     0.72    -0.05     0.78    -7.40    65.99    35.35    35.95
    25.00    40.00    11.79    11.76    -2.82    -3.96    -9.56    10.53     1.26     0.03     1.23     2.75    63.49    26.65    27.31
    25.00    50.00    14.83    14.69    -1.98    -4.09   -15.18    12.91     1.92     0.14     1.78     7.51    61.05    21.42    22.13
    25.00    60.00    17.91    17.64    -1.06    -4.25   -22.02    15.21     2.70     0.27     2.43    10.08    58.67    17.92    18.68
    25.00    70.00    21.03    20.62    -0.07    -4.45   -30.05    17.45     3.59     0.41     3.17    11.54    56.35    15.42    16.23
    25.00     0.00    -0.09     0.09    -5.50    -3.50     0.48    -0.09     0.00    -0.17     0.17 ********    73.87 ******** ********
    25.00   -10.00    -3.01    -2.85    -6.01    -3.34    -0.15    -2.77    -0.08     0.16    -0.24  -193.03    76.63   103.46   103.96
    25.00   -20.00    -5.92    -5.81    -6.45    -3.15    -2.03    -5.48    -0.33     0.12    -0.45   -36.08    79.46    52.62    53.16
    25.00   -30.00    -8.84    -8.78    -6.84    -2.91    -5.17    -8.06    -0.72     0.05    -0.78    -7.40    82.37    35.35    35.95
    25.00   -40.00   -11.76   -11.79    -7.16    -2.63    -9.56   -10.53    -1.26    -0.03    -1.23     2.75    85.36    26.65    27.31
    25.00   -50.00   -14.69   -14.83    -7.42    -2.30   -15.18   -12.91    -1.92    -0.14    -1.78     7.51    88.43    21.42    22.13
    25.00   -60.00   -17.64   -17.91    -7.61    -1.92   -22.02   -15.21    -2.70    -0.27    -2.43    10.08    91.60    17.92    18.68
    25.00   -70.00   -20.62   -21.03    -7.75    -1.49   -30.05   -17.45    -3.59    -0.41    -3.17    11.54    94.88    15.42    16.23
    30.00     0.00    -0.11     0.11    -5.63    -3.51     0.46     0.11    -0.00     0.22    -0.22 ********    73.77 ******** ********
    30.00    10.00     2.81     3.02    -5.06    -3.64    -0.17     2.73     0.08    -0.21     0.29  -262.82    71.08   103.13   103.63
    30.00    20.00     5.75     5.92    -4.42    -3.75    -2.04     5.43     0.32    -0.17     0.49   -52.88    68.46    52.67    53.21
    30.00    30.00     8.71     8.82    -3.72    -3.86    -5.16     8.00     0.71    -0.11     0.82   -14.95    65.90    35.43    36.03
    30.00    40.00    11.70    11.72    -2.95    -3.97    -9.52    10.46     1.24    -0.02     1.26    -1.61    63.40    26.74    27.39
    30.00    50.00    14.72    14.64    -2.11    -4.09   -15.11    12.83     1.90     0.09     1.81     4.61    60.97    21.49    22.20
    30.00    60.00    17.78    17.57    -1.19    -4.25   -21.91    15.12     2.67     0.21     2.45     7.99    58.59    17.99    18.75
    30.00    70.00    20.89    20.53    -0.21    -4.45   -29.90    17.34     3.54     0.35     3.19     9.94    56.27    15.48    16.29
    30.00     0.00    -0.11     0.11    -5.63    -3.51     0.46    -0.11     0.00    -0.22     0.22 ********    73.77 ******** ********
    30.00   -10.00    -3.02    -2.81    -6.13    -3.35    -0.17    -2.73    -0.08     0.21    -0.29  -262.82    76.53   103.13   103.63
    30.00   -20.00    -5.92    -5.75    -6.58    -3.16    -2.04    -5.43    -0.32     0.17    -0.49   -52.88    79.35    52.67    53.21
    30.00   -30.00    -8.82    -8.71    -6.96    -2.92    -5.16    -8.00    -0.71     0.11    -0.82   -14.95    82.25    35.43    36.03
    30.00   -40.00   -11.72   -11.70    -7.28    -2.64    -9.52   -10.46    -1.24     0.02    -1.26    -1.61    85.24    26.74    27.39
    30.00   -50.00   -14.64   -14.72    -7.54    -2.31   -15.11   -12.83    -1.90    -0.09    -1.81     4.61    88.31    21.49    22.20
    30.00   -60.00   -17.57   -17.78    -7.74    -1.93   -21.91   -15.12    -2.67    -0.21    -2.45     7.99    91.48    17.99    18.75
    30.00   -70.00   -20.53   -20.89    -7.88    -1.50   -29.90   -17.34    -3.54    -0.35    -3.19     9.94    94.75    15.48    16.29
    35.00     0.00    -0.14     0.14    -5.76    -3.52     0.40     0.14    -0.00     0.28    -0.28 ********    73.67 ******** ********
    35.00    10.00     2.77     3.03    -5.19    -3.65    -0.22     2.69     0.08    -0.26     0.34  -343.80    70.99   102.70   103.20
    35.00    20.00     5.69     5.92    -4.55    -3.76    -2.08     5.37     0.31    -0.23     0.54   -72.01    68.37    52.69    53.24
    35.00    30.00     8.63     8.80    -3.85    -3.86    -5.18     7.93     0.70    -0.16     0.87   -23.51    65.82    35.50    36.10
    35.00    40.00    11.61    11.69    -3.09    -3.97    -9.52    10.38     1.22    -0.08     1.30    -6.56    63.32    26.81    27.46
    35.00    50.00    14.61    14.59    -2.25    -4.09   -15.08    12.74     1.87     0.02     1.85     1.33    60.89    21.56    22.27
    35.00    60.00    17.66    17.51    -1.34    -4.25   -21.84    15.02     2.63     0.15     2.49     5.61    58.52    18.05    18.81
    35.00    70.00    20.74    20.46    -0.35    -4.44   -29.79    17.24     3.50     0.28     3.21     8.11    56.21    15.54    16.34
    35.00     0.00    -0.14     0.14    -5.76    -3.52     0.40    -0.14     0.00    -0.28     0.28 ********    73.67 ******** ********
    35.00   -10.00    -3.03    -2.77    -6.26    -3.36    -0.22    -2.69    -0.08     0.26    -0.34  -343.80    76.42   102.70   103.20
    35.00   -20.00    -5.92    -5.69    -6.71    -3.17    -2.08    -5.37    -0.31     0.23    -0.54   -72.01    79.25    52.69    53.24
    35.00   -30.00    -8.80    -8.63    -7.09    -2.94    -5.18    -7.93    -0.70     0.16    -0.87   -23.51    82.14    35.50    36.10
    35.00   -40.00   -11.69   -11.61    -7.41    -2.66    -9.52   -10.38    -1.22     0.08    -1.30    -6.56    85.12    26.81    27.46
    35.00   -50.00   -14.59   -14.61    -7.68    -2.33   -15.08   -12.74    -1.87    -0.02    -1.85     1.33    88.19    21.56    22.27
    35.00   -60.00   -17.51   -17.66    -7.88    -1.94   -21.84   -15.02    -2.63    -0.15    -2.49     5.61    91.35    18.05    18.81
    35.00   -70.00   -20.46   -20.74    -8.01    -1.51   -29.79   -17.24    -3.50    -0.28    -3.21     8.11    94.62    15.54    16.34
    40.00     0.00    -0.17     0.17    -5.90    -3.53     0.31    -0.17     0.00    -0.34     0.34 ********    73.58 ******** ********
    40.00    10.00     2.72     3.05    -5.33    -3.66    -0.31     2.65     0.07    -0.33     0.40  -437.02    70.90   102.19   102.69
    40.00    20.00     5.63     5.92    -4.70    -3.77    -2.16     5.32     0.31    -0.29     0.60   -93.59    68.29    52.69    53.24
    40.00    30.00     8.56     8.79    -4.00    -3.87    -5.24     7.87     0.69    -0.23     0.92   -33.12    65.74    35.56    36.16
    40.00    40.00    11.51    11.66    -3.23    -3.97    -9.56    10.31     1.21    -0.15     1.35   -12.10    63.25    26.87    27.53
    40.00    50.00    14.50    14.54    -2.40    -4.09   -15.08    12.66     1.85    -0.04     1.89    -2.35    60.83    21.63    22.33
    40.00    60.00    17.53    17.45    -1.49    -4.24   -21.81    14.93     2.60     0.08     2.52     2.93    58.46    18.11    18.86
    40.00    70.00    20.59    20.38    -0.51    -4.44   -29.73    17.14     3.45     0.21     3.24     6.05    56.15    15.59    16.40
    40.00     0.00    -0.17     0.17    -5.90    -3.53     0.31     0.17    -0.00     0.34    -0.34 ********    73.58 ******** ********
    40.00   -10.00    -3.05    -2.72    -6.40    -3.37    -0.31    -2.65    -0.07     0.33    -0.40  -437.02    76.33   102.19   102.69
    40.00   -20.00    -5.92    -5.63    -6.85    -3.18    -2.16    -5.32    -0.31     0.29    -0.60   -93.59    79.14    52.69    53.24
    40.00   -30.00    -8.79    -8.56    -7.23    -2.95    -5.24    -7.87    -0.69     0.23    -0.92   -33.12    82.04    35.56    36.16
    40.00   -40.00   -11.66   -11.51    -7.55    -2.67    -9.56   -10.31    -1.21     0.15    -1.35   -12.10    85.01    26.87    27.53
    40.00   -50.00   -14.54   -14.50    -7.82    -2.33   -15.08   -12.66    -1.85     0.04    -1.89    -2.35    88.07    21.63    22.33
    40.00   -60.00   -17.45   -17.53    -8.02    -1.95   -21.81   -14.93    -2.60    -0.08    -2.52     2.93    91.23    18.11    18.86
    40.00   -70.00   -20.38   -20.59    -8.16    -1.51   -29.73   -17.14    -3.45    -0.21    -3.24     6.05    94.49    15.59    16.40
     0.00     0.00    -0.00     0.00    -5.00    -3.44     0.00     0.00    -0.00    -0.00     0.00     0.00    74.48 ******** ********
     0.00    10.00     3.02     3.01    -4.43    -3.58    -0.65     2.93     0.09     0.01     0.08    15.38    71.78   103.55   104.05
     0.00    20.00     6.06     6.00    -3.79    -3.71    -2.60     5.70     0.36     0.06     0.30    15.71    69.14    51.92    52.47
     0.00    30.00     9.12     9.00    -3.08    -3.82    -5.85     8.35     0.78     0.12     0.65    15.97    66.57    34.72    35.32
     0.00    40.00    12.22    12.00    -2.29    -3.94   -10.39    10.87     1.35     0.22     1.13    16.16    64.05    26.12    26.78
     0.00    50.00    15.35    15.02    -1.44    -4.08   -16.20    13.30     2.05     0.33     1.71    16.27    61.60    20.96    21.67
     0.00    60.00    18.52    18.05    -0.51    -4.24   -23.26    15.65     2.87     0.47     2.40    16.26    59.21    17.52    18.29
     0.00    70.00    21.74    21.12     0.50    -4.45   -31.55    17.94     3.80     0.61     3.19    16.12    56.87    15.07    15.88
     0.00     0.00    -0.00     0.00    -5.00    -3.44     0.00     0.00    -0.00    -0.00     0.00     0.00    74.48 ******** ********
     0.00   -10.00    -3.01    -3.02    -5.51    -3.28    -0.65    -2.93    -0.09    -0.01    -0.08    15.38    77.25   103.55   104.05
     0.00   -20.00    -6.00    -6.06    -5.95    -3.08    -2.60    -5.70    -0.36    -0.06    -0.30    15.71    80.09    51.92    52.47
     0.00   -30.00    -9.00    -9.12    -6.32    -2.84    -5.85    -8.35    -0.78    -0.12    -0.65    15.97    83.01    34.72    35.32
     0.00   -40.00   -12.00   -12.22    -6.64    -2.55   -10.39   -10.87    -1.35    -0.22    -1.13    16.16    86.02    26.12    26.78
     0.00   -50.00   -15.02   -15.35    -6.89    -2.22   -16.20   -13.30    -2.05    -0.33    -1.71    16.27    89.11    20.96    21.67
     0.00   -60.00   -18.05   -18.52    -7.07    -1.84   -23.26   -15.65    -2.87    -0.47    -2.40    16.26    92.30    17.52    18.29
     0.00   -70.00   -21.12   -21.74    -7.19    -1.41   -31.55   -17.94    -3.80    -0.61    -3.19    16.12    95.59    15.07    15.88
    -5.00     0.00     0.01    -0.01    -4.93    -3.43    -0.22    -0.01    -0.00    -0.02     0.02     0.00    74.62 ******** ********
    -5.00    10.00     3.05     3.02    -4.35    -3.57    -0.88     2.95     0.09     0.03     0.06    32.77    71.92   103.22   103.72
    -5.00    20.00     6.10     6.03    -3.71    -3.70    -2.85     5.74     0.36     0.07     0.29    20.08    69.28    51.68    52.24
    -5.00    30.00     9.19     9.05    -3.00    -3.81    -6.12     8.40     0.79     0.14     0.65    17.89    66.71    34.54    35.15
    -5.00    40.00    12.30    12.07    -2.21    -3.93   -10.70    10.94     1.36     0.23     1.13    17.21    64.19    25.98    26.64
    -5.00    50.00    15.45    15.10    -1.36    -4.07   -16.55    13.38     2.07     0.35     1.72    16.89    61.74    20.85    21.56
    -5.00    60.00    18.64    18.16    -0.42    -4.24   -23.67    15.74     2.90     0.48     2.42    16.65    59.35    17.43    18.20
    -5.00    70.00    21.87    21.25     0.59    -4.45   -32.02    18.03     3.84     0.63     3.21    16.35    57.01    14.99    15.80
    -5.00     0.00     0.01    -0.01    -4.93    -3.43    -0.22    -0.01    -0.00    -0.02     0.02     0.00    74.62 ******** ********
    -5.00   -10.00    -3.02    -3.05    -5.43    -3.26    -0.88    -2.95    -0.09    -0.03    -0.06    32.77    77.39   103.22   103.72
    -5.00   -20.00    -6.03    -6.10    -5.87    -3.06    -2.85    -5.74    -0.36    -0.07    -0.29    20.08    80.24    51.68    52.24
    -5.00   -30.00    -9.05    -9.19    -6.25    -2.82    -6.12    -8.40    -0.79    -0.14    -0.65    17.89    83.16    34.54    35.15
    -5.00   -40.00   -12.07   -12.30    -6.56    -2.53   -10.70   -10.94    -1.36    -0.23    -1.13    17.21    86.16    25.98    26.64
    -5.00   -50.00   -15.10   -15.45    -6.80    -2.20   -16.55   -13.38    -2.07    -0.35    -1.72    16.89    89.25    20.85    21.56
    -5.00   -60.00   -18.16   -18.64    -6.98    -1.82   -23.67   -15.74    -2.90    -0.48    -2.42    16.65    92.44    17.43    18.20
    -5.00   -70.00   -21.25   -21.87    -7.10    -1.39   -32.02   -18.03    -3.84    -0.63    -3.21    16.35    95.74    14.99    15.80
   -10.00     0.00     0.01    -0.01    -4.86    -3.42    -0.49    -0.01    -0.00    -0.03     0.03     0.00    74.77 ******** ********
   -10.00    10.00     3.07     3.03    -4.29    -3.56    -1.15     2.98     0.09     0.04     0.05    42.92    72.07   102.77   103.27
   -10.00    20.00     6.15     6.06    -3.64    -3.69    -3.14     5.78     0.37     0.08     0.28    22.56    69.43    51.42    51.97
   -10.00    30.00     9.25     9.10    -2.93    -3.81    -6.44     8.45     0.80     0.15     0.65    18.92    66.86    34.35    34.96
   -10.00    40.00    12.38    12.13    -2.14    -3.93   -11.06    11.00     1.38     0.24     1.13    17.71    64.34    25.84    26.50
   -10.00    50.00    15.55    15.19    -1.28    -4.07   -16.96    13.45     2.09     0.36     1.74    17.14    61.89    20.73    21.45
   -10.00    60.00    18.76    18.26    -0.35    -4.23   -24.14    15.82     2.93     0.49     2.44    16.75    59.49    17.33    18.10
   -10.00    70.00    22.01    21.38     0.67    -4.45   -32.56    18.13     3.88     0.63     3.25    16.34    57.16    14.90    15.72
   -10.00     0.00     0.01    -0.01    -4.86    -3.42    -0.49    -0.01    -0.00    -0.03     0.03     0.00    74.77 ******** ********
   -10.00   -10.00    -3.03    -3.07    -5.37    -3.25    -1.15    -2.98    -0.09    -0.04    -0.05    42.92    77.54   102.77   103.27
   -10.00   -20.00    -6.06    -6.15    -5.81    -3.04    -3.14    -5.78    -0.37    -0.08    -0.28    22.56    80.38    51.42    51.97
   -10.00   -30.00    -9.10    -9.25    -6.18    -2.80    -6.44    -8.45    -0.80    -0.15    -0.65    18.92    83.30    34.35    34.96
   -10.00   -40.00   -12.13   -12.38    -6.49    -2.51   -11.06   -11.00    -1.38    -0.24    -1.13    17.71    86.31    25.84    26.50
   -10.00   -50.00   -15.19   -15.55    -6.73    -2.18   -16.96   -13.45    -2.09    -0.36    -1.74    17.14    89.40    20.73    21.45
   -10.00   -60.00   -18.26   -18.76    -6.91    -1.79   -24.14   -15.82    -2.93    -0.49    -2.44    16.75    92.59    17.33    18.10
   -10.00   -70.00   -21.38   -22.01    -7.02    -1.36   -32.56   -18.13    -3.88    -0.63    -3.25    16.34    95.90    14.90    15.72
   -15.00     0.00     0.01    -0.01    -4.81    -3.41    -0.80    -0.01    -0.00    -0.03     0.03     0.00    74.92 ******** ********
   -15.00    10.00     3.09     3.05    -4.23    -3.55    -1.47     2.99     0.10     0.04     0.05    46.04    72.22   102.19   102.69
   -15.00    20.00     6.18     6.10    -3.59    -3.68    -3.48     5.82     0.37     0.09     0.28    23.20    69.59    51.11    51.67
   -15.00    30.00     9.31     9.15    -2.87    -3.80    -6.81     8.50     0.81     0.15     0.65    19.08    67.01    34.15    34.76
   -15.00    40.00    12.46    12.21    -2.09    -3.92   -11.47    11.06     1.39     0.25     1.15    17.69    64.50    25.68    26.34
   -15.00    50.00    15.64    15.28    -1.22    -4.06   -17.43    13.53     2.12     0.36     1.76    17.03    62.05    20.60    21.32
   -15.00    60.00    18.87    18.38    -0.28    -4.23   -24.67    15.91     2.96     0.49     2.47    16.56    59.65    17.22    17.99
   -15.00    70.00    22.14    21.51     0.74    -4.44   -33.16    18.22     3.92     0.63     3.29    16.10    57.32    14.81    15.63
   -15.00     0.00     0.01    -0.01    -4.81    -3.41    -0.80    -0.01    -0.00    -0.03     0.03     0.00    74.92 ******** ********
   -15.00   -10.00    -3.05    -3.09    -5.31    -3.23    -1.47    -2.99    -0.10    -0.04    -0.05    46.04    77.69   102.19   102.69
   -15.00   -20.00    -6.10    -6.18    -5.75    -3.03    -3.48    -5.82    -0.37    -0.09    -0.28    23.20    80.54    51.11    51.67
   -15.00   -30.00    -9.15    -9.31    -6.12    -2.78    -6.81    -8.50    -0.81    -0.15    -0.65    19.08    83.46    34.15    34.76
   -15.00   -40.00   -12.21   -12.46    -6.42    -2.49   -11.47   -11.06    -1.39    -0.25    -1.15    17.69    86.46    25.68    26.34
   -15.00   -50.00   -15.28   -15.64    -6.66    -2.15   -17.43   -13.53    -2.12    -0.36    -1.76    17.03    89.56    20.60    21.32
   -15.00   -60.00   -18.38   -18.87    -6.84    -1.76   -24.67   -15.91    -2.96    -0.49    -2.47    16.56    92.75    17.22    17.99
   -15.00   -70.00   -21.51   -22.14    -6.94    -1.33   -33.16   -18.22    -3.92    -0.63    -3.29    16.10    96.05    14.81    15.63
   -20.00     0.00     0.01    -0.01    -4.76    -3.39    -1.17     0.01     0.00     0.03    -0.03     0.00    75.08 ******** ********
   -20.00    10.00     3.11     3.07    -4.19    -3.54    -1.84     3.01     0.10     0.04     0.06    42.32    72.38   101.49   101.99
   -20.00    20.00     6.22     6.14    -3.54    -3.67    -3.87     5.85     0.37     0.08     0.29    22.03    69.75    50.78    51.33
   -20.00    30.00     9.36     9.21    -2.83    -3.79    -7.23     8.55     0.82     0.15     0.67    18.38    67.18    33.92    34.53
   -20.00    40.00    12.53    12.29    -2.04    -3.91   -11.94    11.12     1.41     0.24     1.17    17.15    64.67    25.51    26.18
   -20.00    50.00    15.74    15.39    -1.17    -4.05   -17.95    13.60     2.14     0.35     1.79    16.54    62.22    20.47    21.19
   -20.00    60.00    18.99    18.50    -0.23    -4.22   -25.26    15.99     3.00     0.48     2.51    16.10    59.83    17.11    17.88
   -20.00    70.00    22.28    21.65     0.80    -4.44   -33.80    18.32     3.96     0.63     3.33    15.88    57.49    14.72    15.55
   -20.00     0.00     0.01    -0.01    -4.76    -3.39    -1.17     0.01     0.00     0.03    -0.03     0.00    75.08 ******** ********
   -20.00   -10.00    -3.07    -3.11    -5.27    -3.22    -1.84    -3.01    -0.10    -0.04    -0.06    42.32    77.85   101.49   101.99
   -20.00   -20.00    -6.14    -6.22    -5.70    -3.01    -3.87    -5.85    -0.37    -0.08    -0.29    22.03    80.69    50.78    51.33
   -20.00   -30.00    -9.21    -9.36    -6.07    -2.76    -7.23    -8.55    -0.82    -0.15    -0.67    18.38    83.61    33.92    34.53
   -20.00   -40.00   -12.29   -12.53    -6.37    -2.46   -11.94   -11.12    -1.41    -0.24    -1.17    17.15    86.62    25.51    26.18
   -20.00   -50.00   -15.39   -15.74    -6.61    -2.12   -17.95   -13.60    -2.14    -0.35    -1.79    16.54    89.71    20.47    21.19
   -20.00   -60.00   -18.50   -18.99    -6.78    -1.73   -25.26   -15.99    -3.00    -0.48    -2.51    16.10    92.91    17.11    17.88
   -20.00   -70.00   -21.65   -22.28    -6.88    -1.30   -33.80   -18.32    -3.96    -0.63    -3.33    15.88    96.20    14.72    15.55
   -25.00     0.00     0.01    -0.01    -4.73    -3.38    -1.53    -0.01    -0.00    -0.02     0.02     0.00    75.23 ******** ********
   -25.00    10.00     3.12     3.09    -4.15    -3.53    -2.21     3.03     0.10     0.04     0.06    36.20    72.54   100.81   101.30
   -25.00    20.00     6.26     6.17    -3.51    -3.66    -4.23     5.88     0.38     0.08     0.29    22.18    69.92    50.49    51.05
   -25.00    30.00     9.42     9.26    -2.79    -3.78    -7.60     8.59     0.83     0.16     0.66    19.56    67.35    33.76    34.37
   -25.00    40.00    12.61    12.34    -2.00    -3.91   -12.31    11.18     1.43     0.27     1.16    18.64    64.84    25.41    26.07
   -25.00    50.00    15.83    15.44    -1.13    -4.05   -18.34    13.67     2.16     0.39     1.77    18.17    62.39    20.40    21.12
   -25.00    60.00    19.10    18.56    -0.18    -4.22   -25.66    16.07     3.03     0.54     2.49    17.79    60.00    17.06    17.83
   -25.00    70.00    22.41    21.72     0.85    -4.43   -34.24    18.41     4.00     0.69     3.31    17.36    57.67    14.68    15.50
   -25.00     0.00     0.01    -0.01    -4.73    -3.38    -1.53    -0.01    -0.00    -0.02     0.02     0.00    75.23 ******** ********
   -25.00   -10.00    -3.09    -3.12    -5.24    -3.21    -2.21    -3.03    -0.10    -0.04    -0.06    36.20    77.99   100.81   101.30
   -25.00   -20.00    -6.17    -6.26    -5.67    -3.00    -4.23    -5.88    -0.38    -0.08    -0.29    22.18    80.82    50.49    51.05
   -25.00   -30.00    -9.26    -9.42    -6.05    -2.74    -7.60    -8.59    -0.83    -0.16    -0.66    19.56    83.72    33.76    34.37
   -25.00   -40.00   -12.34   -12.61    -6.35    -2.45   -12.31   -11.18    -1.43    -0.27    -1.16    18.64    86.71    25.41    26.07
   -25.00   -50.00   -15.44   -15.83    -6.59    -2.11   -18.34   -13.67    -2.16    -0.39    -1.77    18.17    89.80    20.40    21.12
   -25.00   -60.00   -18.56   -19.10    -6.76    -1.72   -25.66   -16.07    -3.03    -0.54    -2.49    17.79    92.98    17.06    17.83
   -25.00   -70.00   -21.72   -22.41    -6.86    -1.28   -34.24   -18.41    -4.00    -0.69    -3.31    17.36    96.27    14.68    15.50
   -30.00     0.00     0.01    -0.01    -4.73    -3.38    -1.53    -0.01    -0.00    -0.02     0.02     0.00    75.23 ******** ********
   -30.00    10.00     3.12     3.09    -4.15    -3.53    -2.21     3.03     0.10     0.04     0.06    36.20    72.54   100.81   101.30
   -30.00    20.00     6.26     6.18    -3.51    -3.66    -4.25     5.88     0.38     0.08     0.29    22.43    69.93    50.48    51.04
   -30.00    30.00     9.43     9.26    -2.78    -3.78    -7.65     8.60     0.83     0.17     0.66    20.08    67.37    33.75    34.36
   -30.00    40.00    12.63    12.35    -1.99    -3.91   -12.40    11.20     1.43     0.28     1.15    19.35    64.88    25.39    26.05
   -30.00    50.00    15.87    15.46    -1.11    -4.05   -18.48    13.70     2.17     0.41     1.76    19.02    62.46    20.38    21.10
   -30.00    60.00    19.16    18.59    -0.16    -4.22   -25.87    16.12     3.04     0.57     2.47    18.76    60.09    17.04    17.81
   -30.00    70.00    22.50    21.76     0.88    -4.43   -34.53    18.47     4.03     0.74     3.29    18.43    57.79    14.65    15.48
   -30.00     0.00     0.01    -0.01    -4.73    -3.38    -1.53    -0.01    -0.00    -0.02     0.02     0.00    75.23 ******** ********
   -30.00   -10.00    -3.09    -3.12    -5.24    -3.21    -2.21    -3.03    -0.10    -0.04    -0.06    36.20    77.99   100.81   101.30
   -30.00   -20.00    -6.18    -6.26    -5.67    -3.00    -4.25    -5.88    -0.38    -0.08    -0.29    22.43    80.82    50.48    51.04
   -30.00   -30.00    -9.26    -9.43    -6.04    -2.74    -7.65    -8.60    -0.83    -0.17    -0.66    20.08    83.73    33.75    34.36
   -30.00   -40.00   -12.35   -12.63    -6.35    -2.45   -12.40   -11.20    -1.43    -0.28    -1.15    19.35    86.73    25.39    26.05
   -30.00   -50.00   -15.46   -15.87    -6.58    -2.10   -18.48   -13.70    -2.17    -0.41    -1.76    19.02    89.82    20.38    21.10
   -30.00   -60.00   -18.59   -19.16    -6.75    -1.71   -25.87   -16.12    -3.04    -0.57    -2.47    18.76    93.01    17.04    17.81
   -30.00   -70.00   -21.76   -22.50    -6.84    -1.27   -34.53   -18.47    -4.03    -0.74    -3.29    18.43    96.31    14.65    15.48
   -35.00     0.00     0.01    -0.01    -4.73    -3.38    -1.53    -0.01    -0.00    -0.02     0.02     0.00    75.23 ******** ********
   -35.00    10.00     3.12     3.09    -4.15    -3.53    -2.21     3.03     0.10     0.04     0.06    36.20    72.54   100.81   101.30
   -35.00    20.00     6.26     6.18    -3.51    -3.66    -4.25     5.88     0.38     0.08     0.29    22.43    69.93    50.48    51.04
   -35.00    30.00     9.43     9.26    -2.78    -3.78    -7.65     8.60     0.83     0.17     0.66    20.08    67.37    33.75    34.36
   -35.00    40.00    12.63    12.35    -1.99    -3.91   -12.40    11.20     1.43     0.28     1.15    19.35    64.88    25.39    26.05
   -35.00    50.00    15.87    15.46    -1.11    -4.05   -18.48    13.70     2.17     0.41     1.76    19.02    62.46    20.38    21.10
   -35.00    60.00    19.16    18.59    -0.16    -4.22   -25.87    16.12     3.04     0.57     2.47    18.76    60.09    17.04    17.81
   -35.00    70.00    22.50    21.76     0.88    -4.43   -34.53    18.47     4.03     0.74     3.29    18.43    57.79    14.65    15.48
   -35.00     0.00     0.01    -0.01    -4.73    -3.38    -1.53    -0.01    -0.00    -0.02     0.02     0.00    75.23 ******** ********
   -35.00   -10.00    -3.09    -3.12    -5.24    -3.21    -2.21    -3.03    -0.10    -0.04    -0.06    36.20    77.99   100.81   101.30
   -35.00   -20.00    -6.18    -6.26    -5.67    -3.00    -4.25    -5.88    -0.38    -0.08    -0.29    22.43    80.82    50.48    51.04
   -35.00   -30.00    -9.26    -9.43    -6.04    -2.74    -7.65    -8.60    -0.83    -0.17    -0.66    20.08    83.73    33.75    34.36
   -35.00   -40.00   -12.35   -12.63    -6.35    -2.45   -12.40   -11.20    -1.43    -0.28    -1.15    19.35    86.73    25.39    26.05
   -35.00   -50.00   -15.46   -15.87    -6.58    -2.10   -18.48   -13.70    -2.17    -0.41    -1.76    19.02    89.82    20.38    21.10
   -35.00   -60.00   -18.59   -19.16    -6.75    -1.71   -25.87   -16.12    -3.04    -0.57    -2.47    18.76    93.01    17.04    17.81
   -35.00   -70.00   -21.76   -22.50    -6.84    -1.27   -34.53   -18.47    -4.03    -0.74    -3.29    18.43    96.31    14.65    15.48
   -40.00     0.00     0.01    -0.01    -4.73    -3.38    -1.53    -0.01    -0.00    -0.02     0.02     0.00    75.23 ******** ********
   -40.00    10.00     3.12     3.09    -4.15    -3.53    -2.21     3.03     0.10     0.04     0.06    36.20    72.54   100.81   101.30
   -40.00    20.00     6.26     6.18    -3.51    -3.66    -4.25     5.88     0.38     0.08     0.29    22.43    69.93    50.48    51.04
   -40.00    30.00     9.43     9.26    -2.78    -3.78    -7.65     8.60     0.83     0.17     0.66    20.08    67.37    33.75    34.36
   -40.00    40.00    12.63    12.35    -1.99    -3.91   -12.40    11.20     1.43     0.28     1.15    19.35    64.88    25.39    26.05
   -40.00    50.00    15.87    15.46    -1.11    -4.05   -18.48    13.70     2.17     0.41     1.76    19.02    62.46    20.38    21.10
   -40.00    60.00    19.16    18.59    -0.16    -4.22   -25.87    16.12     3.04     0.57     2.47    18.76    60.09    17.04    17.81
   -40.00    70.00    22.50    21.76     0.88    -4.43   -34.53    18.47     4.03     0.74     3.29    18.43    57.79    14.65    15.48
   -40.00     0.00     0.01    -0.01    -4.73    -3.38    -1.53    -0.01    -0.00    -0.02     0.02     0.00    75.23 ******** ********
   -40.00   -10.00    -3.09    -3.12    -5.24    -3.21    -2.21    -3.03    -0.10    -0.04    -0.06    36.20    77.99   100.81   101.30
   -40.00   -20.00    -6.18    -6.26    -5.67    -3.00    -4.25    -5.88    -0.38    -0.08    -0.29    22.43    80.82    50.48    51.04
   -40.00   -30.00    -9.26    -9.43    -6.04    -2.74    -7.65    -8.60    -0.83    -0.17    -0.66    20.08    83.73    33.75    34.36
   -40.00   -40.00   -12.35   -12.63    -6.35    -2.45   -12.40   -11.20    -1.43    -0.28    -1.15    19.35    86.73    25.39    26.05
   -40.00   -50.00   -15.46   -15.87    -6.58    -2.10   -18.48   -13.70    -2.17    -0.41    -1.76    19.02    89.82    20.38    21.10
   -40.00   -60.00   -18.59   -19.16    -6.75    -1.71   -25.87   -16.12    -3.04    -0.57    -2.47    18.76    93.01    17.04    17.81
   -40.00   -70.00   -21.76   -22.50    -6.84    -1.27   -34.53   -18.47    -4.03    -0.74    -3.29    18.43    96.31    14.65    15.48
